   1 1.0840178717e+01 9.1964783248e+00 2.0666999366e-02 2.3478654172e-02 6.5721954785e+00 2.4421815180e-02
   2 1.0779804722e+01 8.3277472255e+00 2.0005389115e-02 2.6845148967e-02 5.0937981865e+00 2.3960899662e-02
   3 9.8402851181e+00 7.1442992114e+00 2.6486439895e-02 3.8433706764e-02 4.2229844406e+00 2.4090729979e-02
   4 1.0526630685e+01 7.5335314548e+00 2.5626431445e-02 3.5700314189e-02 3.7770207050e+00 2.4021025253e-02
   5 9.6828698074e+00 6.8095834316e+00 3.2395852367e-02 4.4662094687e-02 3.6064355837e+00 2.4063112701e-02
   6 8.9299767535e+00 6.3212614662e+00 3.8880104581e-02 5.2590508301e-02 3.5764789551e+00 2.3987634579e-02
   7 9.2891317656e+00 6.6285404418e+00 3.6812559345e-02 4.9690770101e-02 3.6254670860e+00 2.3986672049e-02
   8 8.3072122707e+00 6.0891682735e+00 4.2125575776e-02 5.6766155093e-02 3.6942179681e+00 2.3716548328e-02
   9 8.4408382319e+00 6.2162479852e+00 4.0534304301e-02 5.5979636403e-02 3.8024894244e+00 2.3976893627e-02
  10 8.5054471400e+00 6.2138081223e+00 4.0452833035e-02 5.5834919420e-02 3.8600033783e+00 2.3813844930e-02
  11 1.0788755619e+01 8.8688341167e+00 3.8986689790e-02 4.3168012101e-02 7.0248920892e+00 2.7361767257e-02
  12 1.0612320617e+01 8.0272794766e+00 3.5328882611e-02 4.2471748044e-02 5.9962364623e+00 2.7631770472e-02
  13 1.0468851296e+01 7.4776026626e+00 4.0729884960e-02 4.9867015218e-02 5.2426707543e+00 2.7486475805e-02
  14 1.0249863679e+01 7.0102846200e+00 4.3903550783e-02 5.4164558557e-02 4.7218445280e+00 2.7475563911e-02
  15 9.1500649118e+00 5.8180271891e+00 5.7538563425e-02 6.9037402997e-02 4.3730109074e+00 2.7542637050e-02
  16 9.6115529419e+00 6.1903587991e+00 5.6201963865e-02 6.6806451664e-02 4.1167379832e+00 2.7213759484e-02
  17 8.9643813784e+00 5.5230716419e+00 5.7203548691e-02 6.9124634629e-02 3.9866346559e+00 2.7568340610e-02
  18 8.3002107890e+00 4.9509063979e+00 6.0325461746e-02 7.3380395564e-02 3.8803430148e+00 2.7418967742e-02
  19 8.1407474863e+00 4.8308114782e+00 6.0223045096e-02 7.4113764361e-02 3.8262338135e+00 2.7403748753e-02
  20 7.5379039095e+00 4.2366913788e+00 6.3909003120e-02 7.8427701653e-02 3.8447725375e+00 2.7459400020e-02
  21 1.0715506921e+01 8.2827966348e+00 5.4388639743e-02 6.0144364339e-02 6.7941137711e+00 3.1079023487e-02
  22 1.0545858720e+01 7.6716352665e+00 6.4305997669e-02 7.2011772541e-02 6.0937134413e+00 3.0995514370e-02
  23 1.0356554365e+01 7.1829075361e+00 6.6837482710e-02 7.6335649715e-02 5.5856682037e+00 3.1001277365e-02
  24 1.0151126228e+01 6.7717175804e+00 6.9141971587e-02 7.9847850206e-02 5.2165217480e+00 3.1054144860e-02
  25 9.9967783379e+00 6.4786169316e+00 6.8093960357e-02 7.9706215476e-02 4.9446874112e+00 3.1091874741e-02
  26 9.7476868441e+00 6.1350043615e+00 7.3996357626e-02 8.5489309004e-02 4.7434825855e+00 3.1103034322e-02
  27 9.4478010128e+00 5.7675220382e+00 7.9940778488e-02 9.1310076334e-02 4.5964442998e+00 3.1139572242e-02
  28 9.3033869094e+00 5.5786108169e+00 7.6877434307e-02 8.8996717356e-02 4.4823405057e+00 3.1106826254e-02
  29 9.0733221186e+00 5.3137713305e+00 7.8215084918e-02 9.1324884871e-02 4.4039717105e+00 3.1217153285e-02
  30 9.1525672327e+00 5.3961634285e+00 7.7912687670e-02 9.0485675094e-02 4.3918845502e+00 3.0631162464e-02
  31 1.0341577064e+01 7.6416945832e+00 7.9408303895e-02 8.7167654190e-02 6.2301791692e+00 3.3228424909e-02
  32 1.0463699854e+01 7.4130672713e+00 7.5705111031e-02 8.5351599468e-02 5.7107284441e+00 3.3137082365e-02
  33 1.0255985060e+01 6.9676027660e+00 7.9974681237e-02 9.1391378220e-02 5.3537832262e+00 3.3350191006e-02
  34 1.0091841023e+01 6.6436930831e+00 9.2645067574e-02 1.0393734994e-01 5.0836939219e+00 3.3399020729e-02
  35 9.7601595913e+00 6.1883886899e+00 9.8890578174e-02 1.1056325786e-01 4.8913729132e+00 3.3527084867e-02
  36 9.5984992422e+00 5.9419970999e+00 1.0295545818e-01 1.1472403259e-01 4.7538214008e+00 3.3685467630e-02
  37 9.4195541476e+00 5.7026124482e+00 9.9183698646e-02 1.1160107413e-01 4.6318753847e+00 3.3651425605e-02
  38 9.1816748164e+00 5.4121709724e+00 9.9562894271e-02 1.1282106572e-01 4.5572023466e+00 3.3847670283e-02
  39 9.0060656210e+00 5.2083207578e+00 1.0219781405e-01 1.1564007213e-01 4.4737257752e+00 3.3791252668e-02
  40 8.9106271544e+00 5.1023066421e+00 1.0184212430e-01 1.1549041167e-01 4.4680797653e+00 3.3416755075e-02
  41 1.0069240247e+01 7.4242940781e+00 1.0132528552e-01 1.0968295489e-01 5.5110700280e+00 3.3804987499e-02
  42 1.0033397520e+01 6.9833865891e+00 1.0105988496e-01 1.1137920421e-01 5.2130129596e+00 3.4609986575e-02
  43 9.7893146756e+00 6.4979857535e+00 1.1196460980e-01 1.2324997145e-01 5.0108271803e+00 3.5098479574e-02
  44 9.7321909464e+00 6.3072761419e+00 1.1620410999e-01 1.2817255519e-01 4.8467335753e+00 3.5339385672e-02
  45 9.2974837593e+00 5.7855468011e+00 1.2649620265e-01 1.3869587935e-01 4.7359949249e+00 3.5701719257e-02
  46 9.4481511706e+00 5.8701272204e+00 1.2105224764e-01 1.3377819856e-01 4.6403332607e+00 3.5788305353e-02
  47 9.2492615372e+00 5.6263689737e+00 1.1564657626e-01 1.2964350081e-01 4.5542724214e+00 3.5835495068e-02
  48 9.1546891848e+00 5.5005775367e+00 1.2194344695e-01 1.3564621758e-01 4.4898707787e+00 3.5913272831e-02
  49 8.7668399496e+00 5.0787226040e+00 1.2595901162e-01 1.4017744041e-01 4.4470126331e+00 3.6038865673e-02
  50 8.8235505164e+00 5.1343050988e+00 1.2580987069e-01 1.3993924945e-01 4.4396978737e+00 3.5694546952e-02
  51 1.3857524591e+01 1.2329385970e+01 1.9100287752e-02 3.8500460131e-02 3.8513285934e+00 3.2193598265e-02
  52 1.4778848411e+01 1.2581936029e+01 2.0533950941e-02 4.1790817290e-02 3.8020897288e+00 3.3879096437e-02
  53 1.4861556052e+01 1.2286389873e+01 2.4233647414e-02 4.7530095110e-02 4.4082712223e+00 3.5033104526e-02
  54 1.4615440879e+01 1.1939266693e+01 2.8490965438e-02 5.2710736484e-02 4.7754959068e+00 3.6131016054e-02
  55 1.4032395778e+01 1.1244014579e+01 3.1752536475e-02 5.7246075546e-02 5.3937199327e+00 3.6762397425e-02
  56 1.4497914900e+01 1.1665098745e+01 3.1697087097e-02 5.7199855664e-02 5.6783575775e+00 3.7463869425e-02
  57 1.4144981841e+01 1.1332964858e+01 3.3362083907e-02 5.9685281277e-02 6.0136552680e+00 3.7962995411e-02
  58 1.3823185422e+01 1.1047820015e+01 3.4871482044e-02 6.2436911642e-02 6.3185402963e+00 3.8364477566e-02
  59 1.2823537913e+01 1.0264398724e+01 3.9593836699e-02 6.8143679727e-02 6.4724249118e+00 3.8778095959e-02
  60 1.3547541144e+01 1.0851835328e+01 3.9414133284e-02 6.7923207905e-02 6.5423256503e+00 3.8456905408e-02
  61 1.5452690002e+01 1.3370749104e+01 2.7876226028e-02 3.9296663308e-02 4.0819053304e+00 3.8705554962e-02
  62 1.4746405078e+01 1.2249161470e+01 3.2328541965e-02 5.1585741905e-02 4.0572973842e+00 4.0568478170e-02
  63 1.4919998337e+01 1.2128059534e+01 3.8124060022e-02 5.8214734788e-02 4.5117115021e+00 4.2025845995e-02
  64 1.4384068338e+01 1.1497596973e+01 4.3589813786e-02 6.5984723864e-02 4.9880034784e+00 4.3169426308e-02
  65 1.4100823884e+01 1.1182065186e+01 4.7493563263e-02 7.0562028806e-02 5.2969118423e+00 4.3973974272e-02
  66 1.3675168829e+01 1.0794599937e+01 5.1086086901e-02 7.5229259894e-02 5.6632616605e+00 4.4709378896e-02
  67 1.3568829304e+01 1.0681588501e+01 5.2220755571e-02 7.7191198425e-02 6.0938802105e+00 4.5470373093e-02
  68 1.3472507189e+01 1.0553410280e+01 4.9365465270e-02 7.5690375635e-02 6.2667408067e+00 4.5882229379e-02
  69 1.3223527958e+01 1.0361821487e+01 5.1069994782e-02 7.8979703892e-02 6.5054162664e+00 4.6349792112e-02
  70 1.2999052506e+01 1.0253936224e+01 5.4572920180e-02 8.1971727079e-02 6.4731668383e+00 4.5471572192e-02
  71 1.4073040223e+01 1.1587965582e+01 4.4872081956e-02 5.8402983443e-02 4.4482959935e+00 4.7104217038e-02
  72 1.3965442062e+01 1.0940637734e+01 4.5978162820e-02 6.4420175475e-02 4.3062344242e+00 4.9495130608e-02
  73 1.3576836755e+01 1.0328670864e+01 5.2765236511e-02 7.4274374936e-02 4.6102043903e+00 5.1171082113e-02
  74 1.3729704729e+01 1.0318323887e+01 5.5548398313e-02 7.7658825464e-02 5.0244659983e+00 5.2600653337e-02
  75 1.3497919272e+01 1.0023453504e+01 5.8871808587e-02 8.1927960030e-02 5.4179812805e+00 5.3808035188e-02
  76 1.2880785241e+01 9.4295393379e+00 6.2575130567e-02 8.7373292871e-02 5.7369537285e+00 5.4743839788e-02
  77 1.2307499998e+01 8.9491946324e+00 6.6175493006e-02 9.2244861295e-02 6.0248031807e+00 5.5612604193e-02
  78 1.2983674663e+01 9.4876580534e+00 6.0822802421e-02 8.7060971753e-02 6.2607838246e+00 5.6287296084e-02
  79 1.2606440186e+01 9.1504198855e+00 6.3450987898e-02 9.1072934367e-02 6.5606996964e+00 5.7488482658e-02
  80 1.1969190835e+01 8.5952874699e+00 6.4546790901e-02 9.3266936784e-02 6.4267356153e+00 5.4950574281e-02
  81 1.5580021663e+01 1.2552511157e+01 6.9458719631e-02 6.6367577277e-02 5.4310402389e+00 5.8947602438e-02
  82 1.5570828315e+01 1.2061991584e+01 6.7623516972e-02 6.8801389782e-02 5.0125290677e+00 6.1545600642e-02
  83 1.4360901758e+01 1.0615493807e+01 7.7582269606e-02 8.9047408988e-02 4.9497970814e+00 6.2894730239e-02
  84 1.5025634105e+01 1.1019300486e+01 8.0343027765e-02 8.9642028320e-02 5.2978253427e+00 6.6479174673e-02
  85 1.4923295703e+01 1.0866992398e+01 8.2684148706e-02 9.2849648364e-02 5.4481440997e+00 6.7175907282e-02
  86 1.4244967455e+01 1.0113375659e+01 8.2992875325e-02 9.7250830239e-02 5.6673904132e+00 6.8518829512e-02
  87 1.3960337197e+01 9.7870876387e+00 8.3893006227e-02 9.9789365102e-02 5.8866045669e+00 6.9925638283e-02
  88 1.4010447780e+01 9.8217875734e+00 8.4729656500e-02 1.0047406343e-01 6.0623975533e+00 7.0832629903e-02
  89 1.3264476907e+01 9.0742472896e+00 8.7712183415e-02 1.0784670309e-01 6.2422185619e+00 7.2010961933e-02
  90 1.2646173700e+01 8.5739858983e+00 8.4570218344e-02 1.0845270858e-01 6.0943834646e+00 6.6810848913e-02
  91 1.5824184291e+01 1.2449238116e+01 9.0002645214e-02 8.1769243887e-02 5.9113678997e+00 7.7046889116e-02
  92 1.5747098101e+01 1.1980459216e+01 9.6922522386e-02 9.3694743667e-02 5.5990579263e+00 8.1399672732e-02
  93 1.5693811944e+01 1.1645987486e+01 1.0358246077e-01 1.0259270618e-01 5.5951290984e+00 8.7127958295e-02
  94 1.5581745230e+01 1.1362642278e+01 1.1001178650e-01 1.1012760932e-01 5.6759253758e+00 9.1692102336e-02
  95 1.5828504085e+01 1.1227456898e+01 1.2624701699e-01 1.1299840966e-01 6.1292515700e+00 1.1761117204e-01
  96 1.5672376186e+01 1.1047356641e+01 1.2733215744e-01 1.1513967354e-01 6.1862051401e+00 1.1780647050e-01
  97 1.5314874146e+01 1.0724441229e+01 1.2451297142e-01 1.1593921003e-01 6.1677698382e+00 1.1502749830e-01
  98 1.5359708363e+01 1.0692514315e+01 1.2499015357e-01 1.1545722291e-01 6.3366328891e+00 1.1841906829e-01
  99 1.5833193668e+01 1.0774334165e+01 1.1983469076e-01 1.1023284741e-01 7.0193514257e+00 1.1858995701e-01
 100 1.2272809351e+01 8.5928366541e+00 4.8682164983e-02 5.1086197665e-02 4.0877211834e+00 8.3248139599e-03
 101 8.5636804067e+00 5.7743870881e+00 4.9876375513e-02 5.3608411485e-02 3.4154302944e+00 9.4432572989e-03
 102 4.5327995313e+00 2.4625714964e+00 5.0287350623e-02 5.5575134360e-02 2.9995087440e+00 1.0871750210e-02
 103 4.1595207912e+00 3.3379300410e+00 4.8068937108e-02 5.5377003446e-02 2.8456499368e+00 1.2032202528e-02
 104 4.2461533372e+00 3.8191080077e+00 4.7468366560e-02 5.6115348751e-02 2.8127068677e+00 1.3024848025e-02
 105 7.5308110527e+00 6.6943456169e+00 4.8062470002e-02 5.7109531755e-02 2.9330548652e+00 1.4302851022e-02
 106 7.2159545964e+00 6.2825193849e+00 4.7639692309e-02 5.8195228848e-02 3.1454254469e+00 1.5423666042e-02
 107 7.8022932761e+00 7.2952025461e+00 5.0399775241e-02 6.2206788649e-02 3.3868963542e+00 1.6352602980e-02
 108 1.0150486075e+01 9.1040705546e+00 5.4332291255e-02 6.6663687779e-02 3.4951404882e+00 1.7087111375e-02
 109 5.4017198309e+00 6.0111393430e+00 5.3338330087e-02 6.6195099480e-02 3.5469027756e+00 1.7076016944e-02
 110 7.5638286052e+00 8.7834905064e+00 4.3673666463e-02 4.9791685818e-02 4.3560030878e+00 9.6392783793e-03
 111 6.7149254674e+00 6.6553204633e+00 4.1426185822e-02 5.0207861446e-02 3.4161365094e+00 1.2121219277e-02
 112 1.2312383446e+01 1.1270530474e+01 4.1157263183e-02 5.0540797999e-02 2.9680688431e+00 1.4136222486e-02
 113 1.1988158767e+01 1.0482537406e+01 4.4066049593e-02 5.5155155946e-02 2.8742316503e+00 1.6170920795e-02
 114 1.0921226283e+01 9.0597616075e+00 4.5860072879e-02 5.8371285633e-02 2.9594151916e+00 1.7840679245e-02
 115 1.3130126079e+01 1.0877075412e+01 4.4126337206e-02 5.7159764624e-02 3.1937839740e+00 1.9368589516e-02
 116 1.5012501954e+01 1.2553225000e+01 4.4733093927e-02 5.8306323429e-02 3.4143199873e+00 2.0550941067e-02
 117 1.1568289961e+01 9.0275346684e+00 4.8138509821e-02 6.3352351419e-02 3.6127653859e+00 2.1513878504e-02
 118 1.4056649229e+01 1.1385367933e+01 5.0754419144e-02 6.6105998964e-02 3.7370073473e+00 2.2235523454e-02
 119 1.3774456544e+01 1.1090106270e+01 5.3057650181e-02 6.8405636620e-02 3.7993354212e+00 2.2000540596e-02
 120 1.6362618230e+01 1.6167944309e+01 3.4707746281e-02 4.0568338780e-02 4.3727521043e+00 1.4581362445e-02
 121 1.6946349470e+01 1.5899352639e+01 4.1748750506e-02 4.8792893886e-02 3.3527073382e+00 1.7542485006e-02
 122 1.6031229612e+01 1.4376766756e+01 5.1358945481e-02 6.0697379200e-02 2.9847327332e+00 2.0672153100e-02
