1.422436702009945542e+00
1.266991625519364284e+00
1.020433021667524587e+00
1.018174351151491130e+00
1.015871112938849352e+00
1.016680181409293393e+00
1.017488943895036524e+00
1.018308811466430042e+00
1.019140358453491491e+00
1.019981408392206301e+00
1.020830083996011384e+00
1.021684978826961743e+00
1.022544681638097863e+00
1.023408845384476074e+00
1.024280449045864572e+00
1.025170514955078716e+00
1.021725512814654735e+00
1.005379541805694998e+00
1.050042638562301178e+00
1.056907519036732523e+00
