8.168633896464626565e-01
7.916828645796460950e-01
7.480714432333839259e-01
7.047676799593038943e-01
6.589778650446972419e-01
6.232668878942759783e-01
6.289666864873064700e-01
6.334008238601851470e-01
6.389948480473600645e-01
6.475067229634765553e-01
6.601677579916911398e-01
6.787855673117042521e-01
6.975775201084370991e-01
7.105639212003593830e-01
7.133809777788905349e-01
6.989224291342164275e-01
6.688907259342511402e-01
6.347105478552048652e-01
5.964104237199261416e-01
5.511696006933548553e-01
