8.145372240578757639e-01
7.895422610395745888e-01
7.453390724957860147e-01
6.990116907714083450e-01
6.498879592692433649e-01
6.191501450983828425e-01
6.247742569967437154e-01
6.289291816333117957e-01
6.331417366636790112e-01
6.399693029896961205e-01
6.507850163063253479e-01
6.676671058608888432e-01
6.866216934197859612e-01
7.012019128364442855e-01
7.032489711884337691e-01
6.920835575874757506e-01
6.640513062122065380e-01
6.299322645739515725e-01
5.936655880278245423e-01
5.490343513570318246e-01
