8.202478508841795080e-01
8.015772337148637794e-01
7.592682309185332379e-01
7.129294746694545548e-01
6.635310436315828841e-01
6.233177831261103030e-01
6.267753704013077076e-01
6.301783995219173429e-01
6.339490660783325682e-01
6.399528366629517739e-01
6.495757142307094778e-01
6.651750169046106720e-01
6.824343425768957250e-01
6.956990688366219144e-01
6.993676884128359195e-01
6.898696212424568763e-01
6.638971713914789685e-01
6.319002310990098348e-01
5.960953434387277206e-01
5.520499813259023281e-01
