8.052619915697540875e-01
7.708707971265319481e-01
7.284450249240209674e-01
6.926311406010110527e-01
6.500597905470210103e-01
6.346795781217824395e-01
6.395374630569071739e-01
6.436912483591848977e-01
6.476254408256686412e-01
6.525084351347001377e-01
6.602738560807337453e-01
6.732273439340370480e-01
6.934533692929507609e-01
7.169942669605843255e-01
7.373023949309828184e-01
7.402036960440752100e-01
7.250499921819021365e-01
6.895454995969514389e-01
6.483167720604565698e-01
6.133028735873280457e-01
