1.084877232676157099e+00
1.120563316158768030e+00
9.714351791738295994e-01
9.271265517926475797e-01
8.913206285064405598e-01
8.889612442730693287e-01
8.855650594347626026e-01
9.039978957049940034e-01
9.315044046388039067e-01
9.627183453263079560e-01
9.891792874458221752e-01
1.004401191822625883e+00
1.012075907582192125e+00
1.022536211237822013e+00
1.022251603972453626e+00
1.009178777342244038e+00
9.952230070674357165e-01
9.828124638469392105e-01
9.718859686978124079e-01
9.629386198108722539e-01
