8.149852896581101236e-01
8.039775299652625051e-01
7.716943834498781740e-01
7.284777196469214289e-01
6.761175040547864334e-01
6.324283348321928511e-01
6.403617101465102213e-01
6.468162876101439807e-01
6.514589346929384739e-01
6.537681878855750028e-01
6.568376275046579060e-01
6.627661852942481335e-01
6.753875511695595080e-01
6.937124628328950049e-01
7.130969006349087147e-01
7.230915263966978257e-01
7.142431089876424277e-01
6.884785909286079697e-01
6.504818493807895674e-01
6.186966548339347671e-01
