8.029494569139181692e-01
7.725134196243600426e-01
7.296336220225131397e-01
6.945812214851736499e-01
6.482448343626958653e-01
6.395810752550421530e-01
6.466178229398868993e-01
6.527941965938192093e-01
6.586608844326413692e-01
6.645136528973392132e-01
6.698012036110532197e-01
6.767625756908648427e-01
6.890508062208831053e-01
7.109767500767638637e-01
7.406438363626108856e-01
7.709150459597683414e-01
7.814068105966293087e-01
7.625701530794315453e-01
7.225947889680349734e-01
6.834901411139084892e-01
