8.095740326365328254e-01
7.942577937141855893e-01
7.646491312949954544e-01
7.261833628743534774e-01
6.730059233491770820e-01
6.433857240383014098e-01
6.525883920595063614e-01
6.601147196943856210e-01
6.669156816236700980e-01
6.732359406889882880e-01
6.785443442352042664e-01
6.829741957798332042e-01
6.913356735272102593e-01
7.076698509155858741e-01
7.328822610054326336e-01
7.619156482765429006e-01
7.762956084508259025e-01
7.631240809609171061e-01
7.266500846904978550e-01
6.877645816943679380e-01
