7.996123612534675740e-01
7.697869417131527614e-01
7.292654481744260675e-01
6.973268558408011186e-01
6.482545840820996830e-01
6.494250438565307704e-01
6.587875895714060404e-01
6.668534173880527050e-01
6.742579990924943978e-01
6.813807299355882918e-01
6.896208017639962051e-01
6.993436126257877028e-01
7.095563020566117984e-01
7.234951296634946072e-01
7.477405175221463196e-01
7.842626689541030149e-01
8.219566125438939608e-01
8.237012468479522065e-01
7.791638428591646237e-01
7.385438616961073066e-01
