8.049098367264979625e-01
7.853803036265366577e-01
7.584519000227748498e-01
7.265104159808701834e-01
6.722890390174505182e-01
6.552131281006614572e-01
6.658195240159145989e-01
6.744199574581305479e-01
6.819939609106675515e-01
6.890850209852370511e-01
6.966475594871195387e-01
7.061379115320832733e-01
7.157431527762073697e-01
7.273861635953025040e-01
7.473812422116624665e-01
7.797758923333384384e-01
8.170081969889146922e-01
8.228007176780686160e-01
7.826127383954109007e-01
7.419131662262945515e-01
