8.050548171680088627e-01
7.953026236328349929e-01
7.824440795446396812e-01
7.555804788470161792e-01
7.011306332402729158e-01
6.607824330043436944e-01
6.728178892230217700e-01
6.817729706832915682e-01
6.893877447328654595e-01
6.962499927380316755e-01
7.027549722188604076e-01
7.120157883611604177e-01
7.212372613117332687e-01
7.315717740214940923e-01
7.485992224993484045e-01
7.770486627417620973e-01
8.121054960433997660e-01
8.232499442170234660e-01
7.877366541368493458e-01
7.469008622835290323e-01
