7.994155796872794983e-01
7.797656673854201914e-01
7.582415767944735707e-01
7.333183395932441062e-01
6.752105423792118533e-01
6.693062053469476247e-01
6.808667672558084139e-01
6.899163362021277779e-01
6.975222895247554789e-01
7.043513222157594678e-01
7.147200602721324181e-01
7.259287461648490369e-01
7.373645487687463529e-01
7.492594293961376550e-01
7.630709066274797836e-01
7.853594955707727809e-01
8.225402315079991533e-01
8.571399567878851267e-01
8.151372253024767867e-01
7.515405126812902958e-01
