8.005643660230139513e-01
7.842571146809351745e-01
7.688929982016604603e-01
7.468809474138946580e-01
6.879655696486957073e-01
6.721486041303124104e-01
6.842519653639015376e-01
6.933214020045147530e-01
7.008228265510342281e-01
7.074619752797439709e-01
7.172159397496356004e-01
7.282772113372869560e-01
7.395674263836854445e-01
7.512495122374144296e-01
7.644520369965147610e-01
7.851510177274093616e-01
8.204179681554993886e-01
8.560735585921392943e-01
8.191831673149728710e-01
7.542249447777982230e-01
