8.017522764386176837e-01
7.868708606379274384e-01
7.761102374815853633e-01
7.562362933680919497e-01
6.967415982998741431e-01
6.741177431048190893e-01
6.865566171005101914e-01
6.955709366520108627e-01
7.029506358493100571e-01
7.094332308143413979e-01
7.188007886464681251e-01
7.297683402947369169e-01
7.409746708753761624e-01
7.525412269621650774e-01
7.653613498761774325e-01
7.848533491088744984e-01
8.185171084629195848e-01
8.546983981823950138e-01
8.238135136086944810e-01
7.568593881513521193e-01
