8.038701749368094562e-01
7.889523323535143629e-01
7.817850387005990109e-01
7.646160018634994282e-01
7.071360947945051212e-01
6.760222286736115027e-01
6.889546655781531026e-01
6.980008044518779542e-01
7.053271152872579997e-01
7.117032157399967307e-01
7.206177841517447114e-01
7.314763306808227394e-01
7.425718137151848808e-01
7.540008557741347817e-01
7.665920628532754133e-01
7.854985574169617291e-01
8.180997097598450285e-01
8.539480960338403648e-01
8.267667056438527950e-01
7.586895153123144331e-01
