8.155686214033858183e-01
8.066911260278443185e-01
8.095330477833058147e-01
8.162864180647374512e-01
8.239975993397170573e-01
8.297761190542869425e-01
8.326023124304360312e-01
8.319343647536182607e-01
8.274667269687630000e-01
8.192347290910845237e-01
8.073987470692612911e-01
7.921059403051294856e-01
7.735240963705635187e-01
7.519005016797901675e-01
7.286116937139324179e-01
7.028486423473916389e-01
6.750822673894869563e-01
6.459412762207881187e-01
6.153330393247788965e-01
5.840872425408649704e-01
