8.349089630636571391e-01
8.163057858134040723e-01
8.126041360370851452e-01
8.165624416644614580e-01
8.217194181880523862e-01
8.256271491106480509e-01
8.271797763371397938e-01
8.258036534691735042e-01
8.209045655359012983e-01
8.120435285888120136e-01
7.992248697485868636e-01
7.827882945922959301e-01
7.631759454313757907e-01
7.408296246147976216e-01
7.161961106413141653e-01
6.905422382601653641e-01
6.637622176353039638e-01
6.359416936370949625e-01
6.069648066179380574e-01
5.776974063340581944e-01
