1.115642003245085778e+00
1.187178478569584250e+00
1.079743597664617694e+00
1.006289294879333163e+00
9.459082706775716609e-01
9.439531485190301163e-01
9.423658526558880144e-01
9.378854689105491360e-01
9.584269714031752319e-01
9.902598375061893998e-01
1.026055776907286443e+00
1.051691833950280763e+00
1.058683617057001314e+00
1.057886914015166546e+00
1.058996784186037932e+00
1.044801496513539485e+00
1.023641235615892153e+00
1.005551242907677389e+00
9.904839413669385140e-01
9.784085438545727653e-01
