8.351486876659064418e-01
8.153797630666426155e-01
8.113494913226981797e-01
8.146106927644386486e-01
8.193851193844712277e-01
8.231347580477421655e-01
8.246675167209055468e-01
8.234221671221365613e-01
8.188157970014431353e-01
8.102848674465701340e-01
7.976884063691246363e-01
7.813232286681403016e-01
7.616812928893046397e-01
7.392789628783815736e-01
7.146190735337539790e-01
6.887775066911430155e-01
6.621164676486268608e-01
6.344610747995209632e-01
6.057097214910526217e-01
5.767261527776027519e-01
