8.417881169837048150e-01
8.530222552106443423e-01
8.677660244799989542e-01
8.774366372548532134e-01
8.787062399235820997e-01
8.694191944743533407e-01
8.585920350290544567e-01
8.506512632599830814e-01
8.430453987429460394e-01
8.356130375819943445e-01
8.268530598209025140e-01
8.158483351615867241e-01
7.999524315109096673e-01
7.776163882831372831e-01
7.481058427214558604e-01
7.137316627492191756e-01
6.768316419437636622e-01
6.338495250776152723e-01
5.849304572524647305e-01
5.372527576042351871e-01
