8.494506819338603076e-01
8.521188273386773870e-01
8.651915511242148638e-01
8.738337914205152046e-01
8.735120555201808523e-01
8.616996133308324479e-01
8.472828068464913764e-01
8.365602880780090844e-01
8.267360916132626691e-01
8.180015147494589245e-01
8.089964215092252386e-01
7.985669140370330599e-01
7.844030120951989149e-01
7.641429337731197036e-01
7.366780191983005599e-01
7.039815854066275858e-01
6.685814302170431933e-01
6.269712134037113138e-01
5.792113364927536923e-01
5.326034692189189901e-01
