8.567539550009366511e-01
8.506535800121981516e-01
8.604247120920534009e-01
8.688040451551636290e-01
8.687441577686788596e-01
8.569008014729768696e-01
8.410517191567566941e-01
8.283391258955541403e-01
8.163568111196501942e-01
8.058798497952546214e-01
7.959602930176600255e-01
7.852658029536958573e-01
7.722130904044481881e-01
7.534807409692123592e-01
7.276850585834028218e-01
6.963526298436932827e-01
6.621613650099900106e-01
6.216006877422803889e-01
5.748457718809234507e-01
5.291345411270019783e-01
