8.633536602215607925e-01
8.516950073568467783e-01
8.571176803197413374e-01
8.646459454715660353e-01
8.648332688395619083e-01
8.533660195677585936e-01
8.370897054399261128e-01
8.229901151191278963e-01
8.092413810762137949e-01
7.971442181892920420e-01
7.862071899243128215e-01
7.749677548907277780e-01
7.626369350130951519e-01
7.450249493530143319e-01
7.205703403443456390e-01
6.905904754492102615e-01
6.571668993730228614e-01
6.175103898796578950e-01
5.716285577877779911e-01
5.266646457956929428e-01
