8.728917872715949988e-01
8.557621239343665698e-01
8.553607702551067060e-01
8.599105284138811589e-01
8.590114212491222201e-01
8.468839201495829139e-01
8.298260365108877101e-01
8.133867352752095492e-01
7.968256794434839252e-01
7.821384280240268883e-01
7.695145267541116940e-01
7.577184735077318045e-01
7.459794902305132425e-01
7.300814633742472859e-01
7.077735264117778202e-01
6.799657493420800947e-01
6.481602110750201984e-01
6.105179756853312822e-01
5.663841183492572817e-01
5.228195568512239433e-01
