9.277041803200167802e-01
9.372183610396292996e-01
9.312367130931366033e-01
9.022751791496027574e-01
8.602275966727891410e-01
8.108785051025504398e-01
7.761542941942146667e-01
7.602696466444690548e-01
7.529813834516008164e-01
7.530891823308937250e-01
7.586540682988011097e-01
7.652062523111140546e-01
7.686781606895669583e-01
7.626522028690245758e-01
7.427290771374926992e-01
7.122304760628013209e-01
6.732171166242884031e-01
6.343595396582637491e-01
5.935903988729893666e-01
5.470095020091836346e-01
