9.157439324154454940e-01
9.246589922621015756e-01
9.247177864549306348e-01
9.007167823556087027e-01
8.588796945778922609e-01
8.072706049486317870e-01
7.639941127923464137e-01
7.429923022776017127e-01
7.315622410279452037e-01
7.283725713030370086e-01
7.326068072407307952e-01
7.394501935814459248e-01
7.446583782179387878e-01
7.422475020758586561e-01
7.261762214624352119e-01
7.003212077121357959e-01
6.646253293770656434e-01
6.279476802878722896e-01
5.893495726918795974e-01
5.440168650629693126e-01
