9.085996821060950968e-01
9.174375782079006170e-01
9.190156802089093357e-01
8.981197178979380968e-01
8.566075564677454457e-01
8.034985765969350213e-01
7.545695102076082073e-01
7.294700905577941041e-01
7.147042020551827024e-01
7.090786791706569225e-01
7.116711887684316062e-01
7.185453867080056067e-01
7.249624508326807382e-01
7.253462076652272827e-01
7.132080385494510288e-01
6.909061839544980987e-01
6.582511399094121973e-01
6.233200360609304491e-01
5.865650321799888989e-01
5.423173897743009952e-01
