8.946995405882407493e-01
9.035156544708645709e-01
9.054293176858606573e-01
8.908614539926512643e-01
8.537240764523384984e-01
8.005473147071734408e-01
7.433512919610929526e-01
7.095555321134070503e-01
6.872112211718024444e-01
6.753315887907600512e-01
6.728421288981638604e-01
6.799289990714040277e-01
6.890532476376032278e-01
6.939963155710938691e-01
6.900163194163363434e-01
6.727644326009800668e-01
6.459392336346488905e-01
6.149136703224187261e-01
5.822399870450217785e-01
5.406993195557602272e-01
