9.189003184637982713e-01
9.285339230625567764e-01
9.151375683029155939e-01
8.659283379259068436e-01
7.979136829269251052e-01
7.271674385963714515e-01
6.837603140503565324e-01
6.657459758604987732e-01
6.655360750282177662e-01
6.673883616612068526e-01
6.723428484369181612e-01
6.815716935360087714e-01
6.927768776587284183e-01
7.051474286063589281e-01
7.149743546094807778e-01
7.144955999862925289e-01
7.050482824832289275e-01
6.803327177633706757e-01
6.494209137205110283e-01
6.216182189632550870e-01
