8.899979785015446065e-01
9.019682430310150822e-01
9.025946957484046740e-01
8.674378208644900612e-01
7.974593212157635724e-01
7.142328658564744970e-01
6.482276586268813645e-01
6.182375985576610278e-01
6.203227741630060743e-01
6.249561292348708719e-01
6.318042821962774891e-01
6.409182458962773277e-01
6.539714708759550854e-01
6.736217670185711270e-01
6.998622467510805523e-01
7.305426368907851353e-01
7.540167022613372128e-01
7.560845923036922933e-01
7.313727084215779772e-01
6.960309112262434983e-01
