8.237347101790651882e-01
8.000016637461935254e-01
7.779566554266191813e-01
7.585782489245349591e-01
7.419919278861019096e-01
7.280312671068087660e-01
7.164505395654978681e-01
7.070000094830687365e-01
6.994496528747120578e-01
6.935965850951112399e-01
6.892660323394733668e-01
6.863095055215384654e-01
6.871736285365015462e-01
6.908765164408741111e-01
6.950828778059974233e-01
6.997008382740597110e-01
7.048731186682586358e-01
7.160590793092950213e-01
7.264894822326156687e-01
6.573317852051403509e-01
