1.137091740075021784e+00
1.214340487719768547e+00
1.128774753149142995e+00
1.047839826521061557e+00
9.731837016022301112e-01
9.698722555015709679e-01
9.706146519400866701e-01
9.608906014381769500e-01
9.733565282163700871e-01
1.001240361449689864e+00
1.038009751629512145e+00
1.070896551825822884e+00
1.083806584825716790e+00
1.079633140513772460e+00
1.077736984191076219e+00
1.065509714200992386e+00
1.040819262200106454e+00
1.019008607526075805e+00
1.001349903322919843e+00
9.873914750070517110e-01
