8.283679956662729493e-01
8.033307872552384321e-01
7.802036084854649944e-01
7.599475861127993337e-01
7.426459868944209619e-01
7.280942580204908809e-01
7.160183657965676352e-01
7.061477620941565281e-01
6.982384198736353298e-01
6.920773629218772705e-01
6.874830708936183754e-01
6.843024449458827707e-01
6.850384291490652089e-01
6.886468395504790063e-01
6.927898057132024778e-01
6.973759155041466817e-01
7.025633458334347159e-01
7.138783001313306897e-01
7.275781025906047361e-01
6.765034307791442103e-01
