8.302001047469897976e-01
8.046415620155100701e-01
7.810825144759880878e-01
7.604794070125162619e-01
7.428976024479885254e-01
7.281160015724383872e-01
7.158486451127041850e-01
7.058165379664589345e-01
6.977694732810768574e-01
6.914905191553344377e-01
6.867950043869566201e-01
6.835284794682570109e-01
6.842328778887907248e-01
6.878057198393852101e-01
6.919240742605552441e-01
6.964974563447350331e-01
7.016912771205908728e-01
7.130906339871709854e-01
7.274614430428808509e-01
6.845948799049110800e-01
