8.106914404325901158e-01
7.862292953988395672e-01
7.626986828968167487e-01
7.412550598304669114e-01
7.222315229885433174e-01
7.056555167446809662e-01
6.914336760021340123e-01
6.794198630504599823e-01
6.694456803274395629e-01
6.613366837090839390e-01
6.572980533482648546e-01
6.590831824419942642e-01
6.615164712747876319e-01
6.644030392871324020e-01
6.677859292014882708e-01
6.716781983997750505e-01
6.760861105608990673e-01
6.810487818513004665e-01
6.881142057582718685e-01
6.901972374014202494e-01
