8.172220137641235116e-01
7.905208628752685707e-01
7.651863335235747909e-01
7.423087913274631910e-01
7.221414505928491767e-01
7.046400120878297813e-01
6.896570679449882668e-01
6.770076700937730507e-01
6.664968998513922660e-01
6.579318925770913928e-01
6.536093245987470990e-01
6.551281793090546479e-01
6.573452854951089552e-01
6.600659955685487246e-01
6.633326802857084648e-01
6.671585099339805147e-01
6.715458725045340138e-01
6.765774185244662897e-01
6.848277702408124279e-01
6.918535351141206213e-01
