8.192529402528201388e-01
7.919040890008869349e-01
7.660416617463453592e-01
7.427426687632104896e-01
7.222356185131019179e-01
7.044551028529122405e-01
6.892373838239989059e-01
6.763871961258418608e-01
6.657016740255026210e-01
6.569835219319433151e-01
6.525571810506993753e-01
6.539790298399970059e-01
6.561131948806779857e-01
6.587650754036844525e-01
6.619771962897741391e-01
6.657626250926440559e-01
6.701218708916387712e-01
6.751589892116203195e-01
6.838845396510710994e-01
6.915014393907576995e-01
