7.936809654727812191e-01
7.676998317403948002e-01
7.417050456642032552e-01
7.171271508425625107e-01
6.946777586509595981e-01
6.747352086122198056e-01
6.574535636581696485e-01
6.428120044319709514e-01
6.306666570458158150e-01
6.256579991428165011e-01
6.257258470105726555e-01
6.264362045017306535e-01
6.276378336839163463e-01
6.293494274325274196e-01
6.315618903289534902e-01
6.342659430180290769e-01
6.374554086112098616e-01
6.411271916795564518e-01
6.452914931868267701e-01
6.499825577387001729e-01
