7.969960998994343182e-01
7.700114013818061265e-01
7.432063348260856683e-01
7.179919780570469534e-01
6.950423830432465033e-01
6.747015151593012128e-01
6.570969817034288951e-01
6.421890088767689964e-01
6.298205708630920663e-01
6.245951000502349970e-01
6.245339814124379885e-01
6.251500595856179787e-01
6.262887070631292241e-01
6.279689701028210447e-01
6.301818488344486102e-01
6.329196268425150151e-01
6.361787143952193357e-01
6.399598093700382684e-01
6.442732467053118306e-01
6.491569264784219362e-01
