8.031944418923070428e-01
7.741184468480853953e-01
7.456993108868199549e-01
7.192705875076912392e-01
6.954028246160557369e-01
6.743480644509899369e-01
6.561663421153910436e-01
6.407747944832458131e-01
6.279906595535726943e-01
6.224269433530689177e-01
6.221381425397110032e-01
6.225858747360669687e-01
6.236119285600821849e-01
6.252358595267459851e-01
6.274503617103149855e-01
6.302506867791941580e-01
6.336378315770898606e-01
6.376199420439088161e-01
6.422231028920630802e-01
6.474971339982711349e-01
