8.051037765693733750e-01
7.754793719133479257e-01
7.466290364831305038e-01
7.198635358566319864e-01
6.957265014293830818e-01
6.744474490973549896e-01
6.560713030887797004e-01
6.405059459679875999e-01
6.275643850471515073e-01
6.218573300559067096e-01
6.214657013800153340e-01
6.218255597292621228e-01
6.227777167354957566e-01
6.243418695564049159e-01
6.265112996268950019e-01
6.292818806119561126e-01
6.326558552846917038e-01
6.366432166780304769e-01
6.412739528763806707e-01
6.466020576968383171e-01
