7.825849616129203490e-01
7.523377785398722706e-01
7.212773490976702728e-01
6.913667631132440761e-01
6.639681777938103435e-01
6.399504077772887323e-01
6.196517811873598625e-01
6.029721998668617911e-01
5.938357748352192100e-01
5.918275017570073793e-01
5.906908510293376047e-01
5.901658156054410131e-01
5.902156691194097027e-01
5.907799463280034580e-01
5.917915492495342544e-01
5.931757694421476712e-01
5.948443562834797582e-01
5.966864869366479418e-01
5.985449721447273497e-01
6.002880284076153039e-01
