7.850290056876798594e-01
7.540540435438377598e-01
7.224740678199724764e-01
6.922083013467148493e-01
6.645568315935379555e-01
6.403380752377998419e-01
6.198606260635848297e-01
6.030128426864393987e-01
5.936992270821142004e-01
5.916219639839481736e-01
5.904346813363094970e-01
5.898928500911722050e-01
5.899700383237220791e-01
5.906001923921475605e-01
5.917234207992558837e-01
5.932761161024048269e-01
5.951852505682082572e-01
5.973630368495925769e-01
5.996910310723053694e-01
6.020706238538022781e-01
