7.900028218441821348e-01
7.573943615389958639e-01
7.246812271916224235e-01
6.936669051942563335e-01
6.654959886270485070e-01
6.408627397933077674e-01
6.200061270859740237e-01
6.027891069647500766e-01
5.931339998732231278e-01
5.909088858473836581e-01
5.896325099022250438e-01
5.890324356406885231e-01
5.891026710248481457e-01
5.898383075724629165e-01
5.911511604506891615e-01
5.929950897817164446e-01
5.953233553136183520e-01
5.980848749504709128e-01
6.012272954072914732e-01
6.047158275571912212e-01
