7.641897273093718468e-01
7.305262822858517024e-01
6.947517975490089537e-01
6.600305896821434537e-01
6.289267778899854111e-01
6.028195958005547750e-01
5.818485887484410313e-01
5.669091523392603138e-01
5.632957023084198545e-01
5.608149315146040426e-01
5.589665849868172831e-01
5.576741288184090539e-01
5.567903492639977303e-01
5.561384745460156154e-01
5.554911916194746890e-01
5.545161125786554068e-01
5.526480156997602977e-01
5.487076958237977475e-01
5.390994191638286415e-01
5.074951121434749801e-01
