7.677285001742650827e-01
7.333564987959333425e-01
6.971329356612169237e-01
6.621129662104420222e-01
6.307482595767592848e-01
6.043618989094119431e-01
5.830904043912750190e-01
5.677203832023012264e-01
5.639956193702246878e-01
5.614576042984082971e-01
5.596024845513275503e-01
5.583682498071935729e-01
5.576276837473130854e-01
5.572363485853457643e-01
5.570216495247665156e-01
5.567521949542889592e-01
5.560748216932751564e-01
5.543642137705515616e-01
5.502201699456399364e-01
5.402346551672909669e-01
