7.701101892530920479e-01
7.350653688947895725e-01
6.984221187249231022e-01
6.631429303370015571e-01
6.315768055365218459e-01
6.049871034083487142e-01
5.834964462877882951e-01
5.678512576431380410e-01
5.640438801907272648e-01
5.614619144431833853e-01
5.596003611151578738e-01
5.584072297572559851e-01
5.577685330314070544e-01
5.575603531596842188e-01
5.576426171376778207e-01
5.578398835447617721e-01
5.579053088349130718e-01
5.574444265205673599e-01
5.556977213010056982e-01
5.512518787303237744e-01
