1.380000710618393356e+00
1.205856820625063275e+00
9.168422068234833855e-01
8.861625012724807515e-01
8.859326196161563249e-01
8.857973800357781258e-01
8.857436420489410711e-01
8.857814734356012076e-01
8.859152745984260058e-01
8.861469029651215523e-01
8.864784270051438986e-01
8.869100587571695504e-01
8.874413401163537829e-01
8.880717051698600040e-01
8.887994430184997796e-01
8.896225732569997824e-01
8.905273934763042742e-01
8.915528734977262726e-01
9.143701447719119191e-01
9.811097319747363876e-01
