1.065610110619573225e+00
1.093685032357321951e+00
9.009183881334982269e-01
9.005799375955304553e-01
8.696632455598486411e-01
8.721743701359047085e-01
8.754274746368477800e-01
8.743249258564912418e-01
8.735493874451301100e-01
8.902973752111037475e-01
9.165608199035364390e-01
9.491423529330239584e-01
9.795962936665326692e-01
9.986708736056005842e-01
1.009045611461474312e+00
1.025807949523118712e+00
1.034351754945357582e+00
1.026480145871726091e+00
1.016922453995192210e+00
1.010614513655581082e+00
