7.757765862535793699e-01
7.393870507811001191e-01
7.019495371105910486e-01
6.661896930689346075e-01
6.342067836408671333e-01
6.071362742359758258e-01
5.850911248174917034e-01
5.687178769482448271e-01
5.646262095630619759e-01
5.618835289682213574e-01
5.599249553623875109e-01
5.587154127518788593e-01
5.581617902667249664e-01
5.581689173415406158e-01
5.586417263332468242e-01
5.594753044262356090e-01
5.605430101422342881e-01
5.616755272677362854e-01
5.626130863150315964e-01
5.630019825814520651e-01
