8.111920688052505213e-01
7.964447028572322340e-01
7.826900158769434235e-01
7.706621205419696974e-01
7.604621679282055347e-01
7.519898323970591880e-01
7.450568274061383223e-01
7.394846701404010902e-01
7.351208482880324802e-01
7.318404738516162134e-01
7.295432567892808917e-01
7.281493544514489047e-01
7.275880582478272407e-01
7.277977146333642899e-01
7.307014673434484298e-01
7.476031510681213632e-01
7.841430067632946255e-01
7.882838370050834209e-01
7.232916668254040227e-01
6.786955907975511515e-01
