8.208054005215283944e-01
8.044310511817271969e-01
7.893680727871992264e-01
7.762596113741947468e-01
7.651671595164932782e-01
7.559669904532162477e-01
7.484394470032431634e-01
7.423797283663553515e-01
7.376162097824748853e-01
7.340095384751907925e-01
7.314485803402229758e-01
7.298450369855068454e-01
7.291189712436515480e-01
7.292405054130695063e-01
7.328056891426629749e-01
7.470186278366135468e-01
7.804684000242413378e-01
7.915300066500595699e-01
7.332859379364683461e-01
6.847952517956403806e-01
