7.886493259140610057e-01
7.786366462163583080e-01
7.686103537507058547e-01
7.594623789018893900e-01
7.514253095522829273e-01
7.445035956594617810e-01
7.386248034321537537e-01
7.337035778680035536e-01
7.296641905558346464e-01
7.264448008579552640e-01
7.239972499516101889e-01
7.222850804330350760e-01
7.243250699428217532e-01
7.278969208890458953e-01
7.317074717000474626e-01
7.362673294886292741e-01
7.587723838991832226e-01
7.855565861764168822e-01
7.211761897423655254e-01
6.533892122247245693e-01
