1.086085938137430151e+00
1.127262700594173550e+00
9.707823940655940786e-01
9.478565830034437756e-01
9.018258785402386568e-01
9.031145393398076759e-01
9.060014895056986983e-01
9.084440909161944910e-01
9.024074233875015727e-01
9.132327051788479144e-01
9.378788480347567402e-01
9.717844462636040515e-01
1.005925944185328103e+00
1.026703464475742678e+00
1.032074037429655089e+00
1.040551292429506391e+00
1.049546671141413645e+00
1.041144051282443250e+00
1.028814897639791059e+00
1.020474090085813135e+00
