8.026004572242787516e-01
7.898227824815540199e-01
7.774747220950020132e-01
7.664240059803821836e-01
7.568341536060220198e-01
7.486334252749394791e-01
7.416898036962478180e-01
7.358748352070892951e-01
7.310810852297706663e-01
7.272236541127424791e-01
7.242367119694386179e-01
7.220712065986049089e-01
7.238608763393277190e-01
7.272866962169222127e-01
7.310358314411252723e-01
7.362814145124854104e-01
7.540737648179133279e-01
7.834162885343270988e-01
7.366440787840758952e-01
6.651084375035066776e-01
