8.125777697142068101e-01
7.980472838333496632e-01
7.842578356533386197e-01
7.720034401195526863e-01
7.614108669823792530e-01
7.523814116833407173e-01
7.447467424141407388e-01
7.383518728829051581e-01
7.330682646922800361e-01
7.287957122021366807e-01
7.254560895981607693e-01
7.229908572168697312e-01
7.245237823183626746e-01
7.278327999278948468e-01
7.315270323624106785e-01
7.375334767856848162e-01
7.526511406814366811e-01
7.816100957932500259e-01
7.503941927589594663e-01
6.765895240634588470e-01
