8.163619260204301176e-01
8.011136138398995410e-01
7.867361229860264649e-01
7.739912330738081270e-01
7.629879647051748259e-01
7.536193797582693144e-01
7.457030026988453741e-01
7.390720998850357493e-01
7.335904714898560108e-01
7.291510921128497857e-01
7.256713594288325408e-01
7.230889263633458741e-01
7.245519436447469541e-01
7.278216625158011599e-01
7.315027183911770869e-01
7.378482342938078586e-01
7.521368099134060348e-01
7.802681460767929567e-01
7.562174464002536789e-01
6.822018287283804217e-01
