7.865220635138826522e-01
7.772577905621332883e-01
7.676829611093837213e-01
7.586129117367484964e-01
7.502726351261542748e-01
7.426790308041419930e-01
7.357833050072246639e-01
7.295343782921648312e-01
7.238971644338223488e-01
7.188561168947685820e-01
7.158961858314845106e-01
7.184321085551096386e-01
7.213609630451993660e-01
7.244851255040379856e-01
7.278628633985702034e-01
7.314625198218071001e-01
7.355781924225417434e-01
7.508602090841721699e-01
7.513115241753807183e-01
6.499090532590736657e-01
