7.936228201138896265e-01
7.828659940245813464e-01
7.720202497206816172e-01
7.618923122390982572e-01
7.526752390644618762e-01
7.443464603928094947e-01
7.368278266834410450e-01
7.300462442212698466e-01
7.239509213822428180e-01
7.185141950367637254e-01
7.151780698824101723e-01
7.175250091369248517e-01
7.202959270509089462e-01
7.232858573635235766e-01
7.265533533830664803e-01
7.300708970060912906e-01
7.341242099280672617e-01
7.489414807890460990e-01
7.545774813815494531e-01
6.649118749154743213e-01
