7.994012697721623040e-01
7.874534407090876265e-01
7.755723689591115244e-01
7.645825965178109085e-01
7.546516064383668176e-01
7.457253256404908770e-01
7.377018600942122362e-01
7.304903985587595239e-01
7.240273622548938359e-01
7.182747493606268518e-01
7.146505528189625034e-01
7.168489966668155633e-01
7.194961542816130651e-01
7.223807883662604068e-01
7.255613107068639156e-01
7.290240303291147805e-01
7.333587242520878124e-01
7.475270727332848919e-01
7.566538798392081766e-01
6.777687856493690433e-01
