8.041890514196849971e-01
7.912603137608243964e-01
7.785306496939836673e-01
7.668276988980806674e-01
7.563043335137574763e-01
7.468822681919928819e-01
7.384408370236372754e-01
7.308746216085423297e-01
7.241087992300138110e-01
7.180973594336705901e-01
7.142342400789948309e-01
7.163116998693845883e-01
7.188584280151248951e-01
7.216580033294546226e-01
7.247670330217796941e-01
7.281937338034316642e-01
7.330499942973667249e-01
7.464152089505211585e-01
7.578615967334325632e-01
6.890436883027020176e-01
