7.833374990563863882e-01
7.746619425549837734e-01
7.652494702935276338e-01
7.558244826006909056e-01
7.465688465288220499e-01
7.374870616145365876e-01
7.285480941299248281e-01
7.197482634768276322e-01
7.111294037538320456e-01
7.053364292170445360e-01
7.063760749337113509e-01
7.077262961542345465e-01
7.091510260883255867e-01
7.107427290087252603e-01
7.125478117332262329e-01
7.146074684333864058e-01
7.169421548133589894e-01
7.196794095246655809e-01
7.261373451936106171e-01
7.197580503212436254e-01
