7.896607158835161622e-01
7.794955809894763554e-01
7.687999382595515074e-01
7.583011396447847385e-01
7.481457045799991823e-01
7.383038276716901160e-01
7.287188530102288730e-01
7.193682788577169251e-01
7.102811408754672318e-01
7.040589354072503969e-01
7.048647872039256468e-01
7.060213365258541929e-01
7.072852725356930659e-01
7.087503518842284134e-01
7.104630772048924348e-01
7.124652352619547102e-01
7.147766125645860225e-01
7.175365434653849794e-01
7.243632482438825404e-01
7.226318910416098529e-01
