7.948116194827773429e-01
7.834395749111582319e-01
7.716994502687272162e-01
7.603210383960460339e-01
7.494295619834222544e-01
7.389684135072397408e-01
7.288600534024706201e-01
7.190668843399077304e-01
7.096067095657395685e-01
7.030575844038740030e-01
7.036818178825217096e-01
7.046883882080499095e-01
7.058288420049455558e-01
7.071976506466950418e-01
7.088413520390737244e-01
7.108013006010467372e-01
7.130972444049710202e-01
7.158795247746645440e-01
7.230518115166023607e-01
7.244369364876925843e-01
