8.038075090408554058e-01
7.898650950641888935e-01
7.765911373278435725e-01
7.639049705746200347e-01
7.519207453283213161e-01
7.405463331359056767e-01
7.296748736388867229e-01
7.192455608670370593e-01
7.092570871619302553e-01
7.021855089577322406e-01
7.025550280351410271e-01
7.033532221159890518e-01
7.043198228172247166e-01
7.055499003057674745e-01
7.070892231719413390e-01
7.089778426144544010e-01
7.112402250302991558e-01
7.142445938124526439e-01
7.218558324833554973e-01
7.262961077352939609e-01
