7.836811141117977497e-01
7.738527191010753370e-01
7.629341862560797827e-01
7.514822227652212527e-01
7.395572171427126085e-01
7.271019437618596593e-01
7.141099185190593612e-01
7.007009650584270499e-01
6.883224611486358224e-01
6.867938998580244148e-01
6.856557532036582359e-01
6.845317889866138206e-01
6.836036690685243222e-01
6.829675887592658867e-01
6.826965916700655779e-01
6.828425258868178194e-01
6.834298211143545743e-01
6.844541468995219979e-01
6.858851901383413718e-01
6.876759084757935181e-01
