7.928211467309169702e-01
7.799136472220424832e-01
7.670363601805312292e-01
7.539365470457751739e-01
7.406325152612399654e-01
7.270283478838205360e-01
7.130878981763090207e-01
6.989111953452353809e-01
6.858718223307204154e-01
6.839934023441530675e-01
6.825899106569205399e-01
6.812754537251601850e-01
6.802320179632510566e-01
6.795544521576918351e-01
6.793150363171598372e-01
6.795660045913513025e-01
6.803357086164372181e-01
6.816283315940632193e-01
6.834323898375826989e-01
6.857085250829522138e-01
