7.968312955972355338e-01
7.826457606903363118e-01
7.687459232394117103e-01
7.550162082288509602e-01
7.411879770385876309e-01
7.271520932703896545e-01
7.128612551132701425e-01
6.984059904461465962e-01
6.851092153381441729e-01
6.831071228518241778e-01
6.816114599628672055e-01
6.802312291382106579e-01
6.791475268107497465e-01
6.784551484557979073e-01
6.782249798972561639e-01
6.785100104028742862e-01
6.793393989333729177e-01
6.807203657603522196e-01
6.826480457267081192e-01
6.850903700579973332e-01
