7.988804435859583331e-01
7.841529773361201050e-01
7.695919227239347293e-01
7.555889319802894244e-01
7.415269405585271922e-01
7.272909452596760804e-01
7.128285164325267598e-01
6.982257749423728121e-01
6.847643164430214924e-01
6.826686517800524268e-01
6.810917788267456530e-01
6.796395980317009311e-01
6.784947271907646460e-01
6.777514474896215724e-01
6.774815474805460092e-01
6.777380394978037570e-01
6.785512785839804550e-01
6.799293789136665600e-01
6.818708844892422682e-01
6.843472195234927558e-01
