7.497571498442034965e-01
7.084227636807356454e-01
6.864130692010226298e-01
6.840626464128661821e-01
6.816756602237120655e-01
6.795889869061743083e-01
6.780172238417162545e-01
6.769927442842837984e-01
6.765111413587193701e-01
6.765496250605448347e-01
6.771129820066634775e-01
6.794136457894782710e-01
6.894973861568550744e-01
7.102814693787447009e-01
7.423402183233975826e-01
7.696115452586387295e-01
7.671138712457743480e-01
7.275035924201128656e-01
6.754122618199399630e-01
6.281071414532733987e-01
