7.700394042765155156e-01
7.185504006608723904e-01
6.926978011021567294e-01
6.895721659031210926e-01
6.865793747184141260e-01
6.840040337304160722e-01
6.820306007753127453e-01
6.806822550121358617e-01
6.799399049643596316e-01
6.797701779643348097e-01
6.801704198703504289e-01
6.822536384356219230e-01
6.910059446579595033e-01
7.099178151952147964e-01
7.401162256845602583e-01
7.671546572951506437e-01
7.664879573919075595e-01
7.287997477173182581e-01
6.774686679984778248e-01
6.303423073479058614e-01
