7.986380546216483856e-01
7.346892617528221203e-01
7.026180722639705500e-01
6.984019566706394233e-01
6.945544390695712611e-01
6.912782615931918340e-01
6.887154840654123866e-01
6.868887447519994582e-01
6.857572488362518870e-01
6.852749926857637508e-01
6.854248764237316216e-01
6.870631931952774218e-01
6.935911987066410989e-01
7.093213831556528515e-01
7.362635584224210827e-01
7.630705465673549570e-01
7.664041959333847132e-01
7.327135939234481476e-01
6.826204881491872989e-01
6.356056710517341557e-01
