8.050469286017111203e-01
7.361011876298629852e-01
7.104201183604854641e-01
7.081884847069268574e-01
7.058954932793239934e-01
7.038931486823711836e-01
7.024269357194656838e-01
7.015326954181015928e-01
7.012033217794699791e-01
7.014214861707737114e-01
7.021641309226036576e-01
7.034248823844860832e-01
7.059743664306075139e-01
7.129076223189991790e-01
7.329963538307586735e-01
7.664280342740888985e-01
7.973648008574197865e-01
7.865258297673632937e-01
7.315189354471101080e-01
6.855613740659571853e-01
