8.073260688492808201e-01
7.311533759913868558e-01
7.154272601538481657e-01
7.146216304488448579e-01
7.134118170601679854e-01
7.122345354555188468e-01
7.113552862931402654e-01
7.108391754794487483e-01
7.107080904826519330e-01
7.109662765894922964e-01
7.116120272070596275e-01
7.126393728665263438e-01
7.175906536299884175e-01
7.239925402275323441e-01
7.342823926468317053e-01
7.562662967936328862e-01
7.931016461201797485e-01
8.121512922670170997e-01
7.572714070593881130e-01
6.989263242420276079e-01
