7.600680144559637252e-01
7.015797107767669516e-01
7.056693178170025949e-01
7.078432675276320474e-01
7.089504428586184126e-01
7.096298969100767184e-01
7.101357554155206531e-01
7.105915743619888314e-01
7.110597033649130871e-01
7.115736985401968084e-01
7.133400328149519520e-01
7.190079344532718242e-01
7.248426197092356915e-01
7.306726407091370668e-01
7.366562179840842051e-01
7.488786922871937257e-01
7.746243061234973082e-01
8.079006982296914607e-01
7.630886228054756248e-01
6.769354325264074212e-01
