8.183180498023895355e-01
7.354675536608542563e-01
7.220732581672418826e-01
7.219207557770631611e-01
7.209123487794193430e-01
7.197548172713993386e-01
7.187342718726442703e-01
7.178178138025681498e-01
7.170478532675028660e-01
7.164418967351477985e-01
7.168594615201739906e-01
7.219103445144211539e-01
7.271950141699936587e-01
7.325586745482727258e-01
7.396014797833887489e-01
7.501946246437251054e-01
7.692375502391074482e-01
8.016560373485175361e-01
7.840160025004477840e-01
6.986504436128901929e-01
