7.952520079013952747e-01
7.169425798894825119e-01
7.195439036460979931e-01
7.207782559107566156e-01
7.207171348300230873e-01
7.201722552044548253e-01
7.193383383164123623e-01
7.181858804910826732e-01
7.167602138678503820e-01
7.158421589296335430e-01
7.209120240304155436e-01
7.260621724735196736e-01
7.310379962605525472e-01
7.358984356154864015e-01
7.406502633755771559e-01
7.455197375647887315e-01
7.548023411373326885e-01
7.685906847710537448e-01
7.860325093809391594e-01
7.168004301173116488e-01
