8.100435716088629778e-01
7.242755444821068478e-01
7.235564925395567837e-01
7.241929597881834324e-01
7.235909138191539691e-01
7.224197630377960921e-01
7.210688753778863314e-01
7.195398242682391476e-01
7.177697080776002103e-01
7.163968987187492310e-01
7.212642273354332723e-01
7.262340499947600447e-01
7.310409401048221234e-01
7.357431258202469238e-01
7.403669792464754318e-01
7.457474557563839035e-01
7.546411956695227019e-01
7.676228033353198477e-01
7.857507110272916595e-01
7.271439565575590347e-01
