8.170516721019586148e-01
7.303583238333242189e-01
7.251780420893169099e-01
7.253919935250272566e-01
7.245960754365432521e-01
7.231730948002768056e-01
7.215290155459049837e-01
7.198486445714353810e-01
7.179373600011557111e-01
7.163132378065791839e-01
7.210813901394862446e-01
7.259626042524186529e-01
7.306837925748512763e-01
7.353030437025352972e-01
7.398593263510477858e-01
7.456458496972561134e-01
7.544957521736446182e-01
7.672823086173224949e-01
7.849437577711844138e-01
7.282321102488589215e-01
