7.042367969547953521e-01
6.786286042410691888e-01
6.390563126720375520e-01
5.925591493432039725e-01
5.812888650935910118e-01
5.855734694273423413e-01
5.920347275744386462e-01
6.020778309293499664e-01
6.148441690945305460e-01
6.306364870268086342e-01
6.488074585932411820e-01
6.691806628264407308e-01
6.853428004863454381e-01
6.908981421724037508e-01
6.810638395727399708e-01
6.566373842711261677e-01
6.217254932431550696e-01
5.845785624489825416e-01
5.491906738515879294e-01
5.095798023735889082e-01
