1.146054313069379216e+00
1.198533436004554087e+00
1.126910429413929382e+00
1.062679088079799161e+00
9.786581380314658407e-01
9.769784656582886084e-01
9.791476648086488987e-01
9.814244576475814608e-01
9.834961995484408082e-01
9.806683631726175188e-01
9.805520383167107834e-01
1.006511506376516873e+00
1.047920694363178473e+00
1.091565855038517441e+00
1.108610462713647049e+00
1.096556070521146786e+00
1.091100020433072526e+00
1.085097928308757176e+00
1.065238248977131708e+00
1.049476516640070578e+00
