7.133337689301659790e-01
6.859217841636618962e-01
6.418567302763978910e-01
5.899510683988273829e-01
5.713428013867525301e-01
5.763597010893194428e-01
5.827621106213181079e-01
5.907794433516131427e-01
6.010945684281308043e-01
6.142053955974924317e-01
6.298365881642643549e-01
6.477591916604994449e-01
6.637492408922460729e-01
6.715328165338909638e-01
6.662675919806251290e-01
6.468890219978019607e-01
6.165903094273682550e-01
5.824824651824171973e-01
5.493619767073615323e-01
5.116986099065343740e-01
