7.024991427345890216e-01
6.769976227776857147e-01
6.390881053884198693e-01
5.966302084041308351e-01
5.947692795106586106e-01
5.983667264054726154e-01
6.016348845179697591e-01
6.054686613638651238e-01
6.133913661500272063e-01
6.242754453138652515e-01
6.387270942087012182e-01
6.573440330406943310e-01
6.808215716460275235e-01
7.028549510900716779e-01
7.155166051491952395e-01
7.105993129593806135e-01
6.855938374150214454e-01
6.469063522268077016e-01
6.048601106501680924e-01
5.714745694981973045e-01
