7.101548166140412288e-01
6.795978086481538893e-01
6.386607977997088570e-01
5.927420762600781323e-01
5.958991895336851474e-01
6.017474113089716914e-01
6.073160678147163649e-01
6.128316374786750842e-01
6.184712905788483095e-01
6.249946460676478743e-01
6.342041176996890961e-01
6.473424560027390973e-01
6.668623064048334603e-01
6.948781300259301297e-01
7.266439351093196830e-01
7.516748590435130550e-01
7.536032675783304047e-01
7.246070237078432452e-01
6.806842421524714748e-01
6.390830268366225475e-01
