7.172211687407370473e-01
6.867408867027473551e-01
6.443958242996682406e-01
5.927307268029344822e-01
5.929745706453299903e-01
5.999418419293972571e-01
6.063877082160082921e-01
6.125888704023778608e-01
6.187597088950749225e-01
6.255350798292549364e-01
6.342512628368677241e-01
6.464618303305440516e-01
6.647097682459213175e-01
6.912803652788193087e-01
7.223277932384203348e-01
7.479431808693454142e-01
7.518076769170060070e-01
7.248950345870955880e-01
6.820252040693401963e-01
6.407201887121939388e-01
