7.301105181362554930e-01
7.053948142454741221e-01
6.634933684814752208e-01
6.017578427253795770e-01
5.904752511824932215e-01
5.991641211585321258e-01
6.069092222001044590e-01
6.141013289400754083e-01
6.210111729573166706e-01
6.279092739134686241e-01
6.355985866559331621e-01
6.458019802787015040e-01
6.610791111365200701e-01
6.840101590176088653e-01
7.130096781873445089e-01
7.399067332185781387e-01
7.491962534437996979e-01
7.284314923220128746e-01
6.882585098961764292e-01
6.474416112310816818e-01
