7.155022091863545430e-01
6.814305963369288177e-01
6.382426583452751601e-01
5.919918074660319718e-01
6.015957276703357559e-01
6.104894638685114394e-01
6.188200403040138298e-01
6.267557919940984767e-01
6.344341927287872052e-01
6.419663237427963853e-01
6.495739469562940016e-01
6.604592857364568470e-01
6.756120083839395329e-01
6.972220770162023129e-01
7.291134692792564653e-01
7.691020213007471185e-01
8.000891809235801677e-01
7.886725442269061359e-01
7.372627482430375023e-01
6.926341416199923717e-01
