7.226899647246166625e-01
6.905634112873408892e-01
6.474510581864809655e-01
5.930478709357048794e-01
6.012145502519278262e-01
6.110753390359170423e-01
6.200411225195716636e-01
6.283721921351259621e-01
6.362790047811344163e-01
6.439316240965806681e-01
6.516889618989394339e-01
6.622138555766233781e-01
6.765630894786098803e-01
6.969470949410666583e-01
7.270653038673211555e-01
7.658128705382726276e-01
7.976694334792936436e-01
7.895461433323142098e-01
7.394065529990497820e-01
6.947158025584772023e-01
