7.331608180156704568e-01
7.079989301724911588e-01
6.692241644792658040e-01
6.068412060836925193e-01
6.017429483887666297e-01
6.127313845898114675e-01
6.224139976606219982e-01
6.311655359285728295e-01
6.392958262854364637e-01
6.470693165270648972e-01
6.548548334830333051e-01
6.647110511374405561e-01
6.778292675299644188e-01
6.962700933990899621e-01
7.233892078038721696e-01
7.599284771737682131e-01
7.932636981613986338e-01
7.917905077888304222e-01
7.444899082348247488e-01
6.992004529301261151e-01
