7.380024382847596431e-01
7.173103387534244257e-01
6.825626921139167358e-01
6.175655735781803157e-01
6.025180306212317705e-01
6.139338050368445820e-01
6.238858654107199975e-01
6.327649645505768472e-01
6.409332789874806480e-01
6.487053950522463364e-01
6.564047009088920248e-01
6.659142335838650339e-01
6.787368933549599026e-01
6.964806190765294724e-01
7.223092280587342096e-01
7.574503696025841615e-01
7.907580730051314566e-01
7.925200629785351669e-01
7.476334659281939077e-01
7.022645130313874828e-01
