7.255978878368541940e-01
6.933250036745632894e-01
6.495481505508879927e-01
5.972004926135676683e-01
6.112782948946385853e-01
6.236930575341144145e-01
6.345409120803922054e-01
6.441642241931326840e-01
6.528279083641004288e-01
6.607815834566327373e-01
6.704948803625725429e-01
6.817813197613673548e-01
6.940974797735715018e-01
7.081712332104124208e-01
7.299053772979079424e-01
7.628361036500617143e-01
8.054758139091487967e-01
8.251028406023490636e-01
7.688980019808621114e-01
7.092107044191686693e-01
