7.315696315898810864e-01
7.035496006887871356e-01
6.634935565062467511e-01
6.027773756137853045e-01
6.124507136040011623e-01
6.253336549145770418e-01
6.363656590658044454e-01
6.459653726802537799e-01
6.545185829571114056e-01
6.623393520187145223e-01
6.716690048008413516e-01
6.830149391037725337e-01
6.951439316787371148e-01
7.088395057739664828e-01
7.293002091415071719e-01
7.604775942500044961e-01
8.019819637855503114e-01
8.247705254000732289e-01
7.732998559053233523e-01
7.119684157112099454e-01
