7.394366189927348287e-01
7.189623274149352650e-01
6.872735461220513820e-01
6.210953359128510431e-01
6.148598284896109600e-01
6.282656622884994491e-01
6.396041461142616402e-01
6.492531709609640211e-01
6.576808910326251700e-01
6.652822431176971252e-01
6.738717971741465806e-01
6.849898492768220493e-01
6.968131400546337950e-01
7.099206341538653042e-01
7.283689575868897981e-01
7.565810767602948461e-01
7.958623401972245714e-01
8.236189041312216297e-01
7.824403888254842787e-01
7.178077151329399497e-01
