7.504757401621263702e-01
7.590594473344238757e-01
7.707135040157658823e-01
7.828112023197438818e-01
7.931876900935443953e-01
7.998307964847739537e-01
8.020485281728390037e-01
7.998863615360805035e-01
7.937774431797155472e-01
7.840902678051087094e-01
7.710545630220061453e-01
7.548951721992173125e-01
7.359460295432080912e-01
7.146645214812142877e-01
6.914877760260647044e-01
6.671780804763919326e-01
6.413631475260754833e-01
6.145157641407925642e-01
5.878107461502189990e-01
5.614481347328659222e-01
