7.535697036864729137e-01
7.589162189257139257e-01
7.695070571344896360e-01
7.810612170832993417e-01
7.908954143346664800e-01
7.975329393275978340e-01
7.999567362410746618e-01
7.977584972545156417e-01
7.911731305401177305e-01
7.807222097701317365e-01
7.668837540869934966e-01
7.500404449096136350e-01
7.305721379627867496e-01
7.089208370322763741e-01
6.855165889616829933e-01
6.606416280488556225e-01
6.351020005180039174e-01
6.086922926765987452e-01
5.825539221178410720e-01
5.569637994734457642e-01
