7.622981925226596234e-01
7.645981547119470312e-01
7.722481466669035566e-01
7.813114614848230000e-01
7.894489883865085655e-01
7.949924385951011585e-01
7.966416577653439024e-01
7.935829710246694590e-01
7.857880385883764252e-01
7.738787614763585898e-01
7.586300979725452143e-01
7.406626325418221857e-01
7.204499182331720597e-01
6.984259096231903996e-01
6.749973036659568937e-01
6.504208287548308709e-01
6.251834918627681148e-01
5.997547408907817346e-01
5.747795070146266561e-01
5.508065789024064740e-01
