1.084791662960915115e+00
1.102840869443311389e+00
9.292980771325189959e-01
9.182458260207616574e-01
8.810910020019256939e-01
8.849534125457571010e-01
8.895127201536734418e-01
8.941757182412831684e-01
8.988774414896452125e-01
9.026686955704301685e-01
9.026550384281400996e-01
9.041464089469410936e-01
9.223865441525316289e-01
9.544431746931665295e-01
9.952230067061375030e-01
1.021054317494170416e+00
1.025275311713723658e+00
1.040922652926578484e+00
1.062589098051702763e+00
1.063154645784359253e+00
