7.627239030016201848e-01
7.645716132784123875e-01
7.714494754060086112e-01
7.800248720497726662e-01
7.879366649503855013e-01
7.935185404860245484e-01
7.954237676882432995e-01
7.926750439850308583e-01
7.850387868050930917e-01
7.730526552307945831e-01
7.575589247035641183e-01
7.392928942814259718e-01
7.188128399981055239e-01
6.965925840086765186e-01
6.730550978003060347e-01
6.484725259422711163e-01
6.231636388129222492e-01
5.979381540668178285e-01
5.732094901835027567e-01
5.495905695885378028e-01
