7.997022864312227641e-01
8.117196221554031643e-01
8.250037797559385266e-01
8.317222150949251658e-01
8.247663447489561594e-01
8.095102592179921341e-01
7.989366527190709943e-01
7.895633413806893985e-01
7.821292965960026100e-01
7.755679018363594857e-01
7.678871996838289027e-01
7.572389891464875733e-01
7.420656054327964268e-01
7.200465096553632094e-01
6.906918521887843720e-01
6.557284955182254294e-01
6.193727227942511515e-01
5.822036821914506888e-01
5.388550507916974874e-01
4.947106284584149583e-01
