7.976447807299342774e-01
8.064687710602301829e-01
8.184428998332323735e-01
8.256872007634384891e-01
8.207507103503979273e-01
8.061644766793125694e-01
7.939311031675364561e-01
7.819186806553346525e-01
7.718581193179308020e-01
7.633500176827618944e-01
7.547303369779925220e-01
7.438162936733719866e-01
7.296727605666686323e-01
7.091888823038807743e-01
6.814822127247439632e-01
6.481576473272758765e-01
6.131027942670268516e-01
5.769098830258316823e-01
5.345717104279585907e-01
4.908199384827915401e-01
