7.997938883566311219e-01
8.056004240322360843e-01
8.159048199153983161e-01
8.223758261905392830e-01
8.173409367099950806e-01
8.024891086911725147e-01
7.888076044923486574e-01
7.748464514021453642e-01
7.629076658415768764e-01
7.530442897771832955e-01
7.438330011862698266e-01
7.331389553302820605e-01
7.196568449680040835e-01
7.004922236605211072e-01
6.741895711229539678e-01
6.421657231297992485e-01
6.081121946559896463e-01
5.728588952668518530e-01
5.316058823249221188e-01
4.882319579901173712e-01
