8.029907092075289077e-01
8.044709716069632366e-01
8.121650578811856480e-01
8.176477722542437876e-01
8.129678996943285885e-01
7.992020856632008341e-01
7.842838345793520238e-01
7.679973120180131341e-01
7.534077733914583686e-01
7.413255066520205716e-01
7.308012052538213066e-01
7.198637301982737657e-01
7.067161176309244563e-01
6.889759243650837028e-01
6.643745993302567765e-01
6.340377155792540353e-01
6.013220277280606485e-01
5.673716789251137538e-01
5.277710274315705608e-01
4.852040400940906273e-01
