1.105352362837711322e+00
1.126576728819436379e+00
9.870478264969700932e-01
9.658402371112625451e-01
9.108010779800143064e-01
9.137168473825767467e-01
9.178939019853545878e-01
9.221605859579387054e-01
9.265824278012998461e-01
9.306866277022066702e-01
9.321387947101291704e-01
9.298997324673364817e-01
9.455315262032170098e-01
9.757569852836567303e-01
1.017010928060599007e+00
1.044961403023140889e+00
1.044885140039720772e+00
1.051131053925187020e+00
1.072322068773918780e+00
1.073982144674263672e+00
