8.308445925172850410e-01
8.396738974009344547e-01
8.436375292130678938e-01
8.293056726498357900e-01
7.916113863320647370e-01
7.404487591052038020e-01
7.080648434023693039e-01
6.851477212245800086e-01
6.713281713342829082e-01
6.655055927543859218e-01
6.689775420415773333e-01
6.773794375739663476e-01
6.819600712261955078e-01
6.794018417622689210e-01
6.667858210873478519e-01
6.432788089077617899e-01
6.110010507348074826e-01
5.765177896944215785e-01
5.441432623661230927e-01
5.078417314070742261e-01
