8.274561159151859746e-01
8.359260669886535711e-01
8.408853606293859029e-01
8.293176321492281566e-01
7.945403215918550588e-01
7.442601545709235378e-01
7.109319986346729348e-01
6.864735117241502760e-01
6.710147552738359167e-01
6.637044915672544176e-01
6.645530640578835024e-01
6.728644725965025053e-01
6.774534191885525081e-01
6.751254284868507538e-01
6.630557905945764219e-01
6.403311770712376561e-01
6.086354947386222181e-01
5.747539611445696695e-01
5.429352300167494816e-01
5.072447347515582905e-01
