8.308045914454150749e-01
8.405213725731687235e-01
8.415023095975963097e-01
8.167277712604296136e-01
7.624486334165027079e-01
6.961942466111169514e-01
6.531431190017309429e-01
6.221663513084660924e-01
6.174027278504201632e-01
6.219496054313886635e-01
6.288651823415554176e-01
6.383740676176895557e-01
6.515605456174595744e-01
6.644868244310702110e-01
6.727903021509046289e-01
6.716626962334044659e-01
6.577845810422684458e-01
6.315710609309244106e-01
5.985061944265973599e-01
5.706144485512130160e-01
