8.324181111108878151e-01
8.453151956988558258e-01
8.411917021710021425e-01
7.997920534487724664e-01
7.261573077665592901e-01
6.522226160227584391e-01
6.061758779927630680e-01
5.983358809353118701e-01
5.996024809713531578e-01
6.040408342195686675e-01
6.117346903078811904e-01
6.229642627715354930e-01
6.384122334520747621e-01
6.606776343853810740e-01
6.874018838469464487e-01
7.133271714141009578e-01
7.264391545666042393e-01
7.145806991798124841e-01
6.807483442828188291e-01
6.429469841890140813e-01
