8.301345085544050706e-01
8.395406691510377550e-01
8.385434897883581318e-01
8.055064544105775548e-01
7.380798485853909963e-01
6.612905391593473237e-01
6.109793906337126490e-01
5.921739479281542540e-01
5.941319994258782433e-01
5.992638970932573361e-01
6.075803600873307397e-01
6.192865972169078193e-01
6.348434381878795829e-01
6.570743942705346008e-01
6.836360783605626157e-01
7.095114767397820987e-01
7.231226849908573007e-01
7.124569617444242997e-01
6.799452629865118114e-01
6.430133417185301958e-01
