1.131992815869172997e+00
1.155595988773514549e+00
1.059147598785614264e+00
1.022373594675908937e+00
9.469446008816695404e-01
9.486132846995919410e-01
9.523149291400601069e-01
9.560558532787928332e-01
9.599542916322375552e-01
9.639247780504280882e-01
9.669403190759880973e-01
9.647008380177055642e-01
9.702642986942774384e-01
9.981264771401905378e-01
1.041511455334325653e+00
1.077369468013859244e+00
1.075174057920083026e+00
1.067162329246365449e+00
1.084804832738039071e+00
1.088557052453979601e+00
