1.147791714064337665e+00
1.172359205723878972e+00
1.100441973102813664e+00
1.055289231149469487e+00
9.712487770430462408e-01
9.693308283113059032e-01
9.727603526786720023e-01
9.762047855393172213e-01
9.797720360839176079e-01
9.834793996537214422e-01
9.867948680935585415e-01
9.865460416930920129e-01
9.852991144705698368e-01
1.010142525495823396e+00
1.053179649384419436e+00
1.096147145238874465e+00
1.097007192283392163e+00
1.079480178000930213e+00
1.092296729588445148e+00
1.097677225131682865e+00
