1.107435656398486845e+00
1.104226691482177003e+00
9.631333701662230240e-01
9.329973072972942427e-01
8.930632700609402175e-01
8.978894885365538148e-01
9.034543541980740722e-01
9.088373872547171883e-01
9.140072341206862960e-01
9.189972635491173714e-01
9.238998592811713539e-01
9.286933007083768565e-01
9.323117641106672959e-01
9.306861912710134854e-01
9.343430636783215393e-01
9.580214849279431455e-01
1.007208310318567612e+00
1.025899694403823226e+00
1.021197371150896815e+00
1.053504252994571289e+00
