1.140334952859605844e+00
1.133925801429878089e+00
1.050836982589746560e+00
1.013040550578361731e+00
9.430463266449923276e-01
9.424629919263159961e-01
9.475238891792288065e-01
9.524190877730714933e-01
9.571372376690050476e-01
9.617047692624663968e-01
9.662143440629763491e-01
9.707529589559851235e-01
9.747649578079694566e-01
9.750256552333071980e-01
9.753554900828252938e-01
9.955012981828651464e-01
1.039066517497503117e+00
1.059575266815313999e+00
1.044386873421423001e+00
1.066288016053414278e+00
