1.155531293039159912e+00
1.152252733510929605e+00
1.093390868719429143e+00
1.053162395055236455e+00
9.713764706674195004e-01
9.667504659520453902e-01
9.714519543823383341e-01
9.760095806990748413e-01
9.804091676545722001e-01
9.846729243901408690e-01
9.888840220199848208e-01
9.931555180915910830e-01
9.971539132048720111e-01
9.983868430260168791e-01
9.969537921330969832e-01
1.015367447770480602e+00
1.056248463870515852e+00
1.081444753196356023e+00
1.059533806382273013e+00
1.073206643842890884e+00
