1.393292610981197166e+00
1.241264605013800981e+00
9.717451544775842498e-01
9.573529966877729613e-01
9.551799799350699782e-01
9.530878551706081225e-01
9.509494370264893748e-01
9.488021080114854566e-01
9.466746345145756747e-01
9.445941097616888937e-01
9.425884247010578587e-01
9.406820954200203477e-01
9.388984277923415611e-01
9.372560080042631192e-01
9.357695895064376268e-01
9.344502013595848977e-01
9.333041544864171257e-01
9.323401279117011775e-01
9.426923950888521642e-01
1.005875937011915688e+00
