1.129022647697488946e+00
1.100439176892006321e+00
1.001614982798612052e+00
9.475950029686663889e-01
9.068132696733604003e-01
9.123760254210875331e-01
9.187513859083422663e-01
9.246877979457162056e-01
9.301106553333704507e-01
9.349292047709489850e-01
9.390387655233066733e-01
9.423421258008541912e-01
9.448038886071405962e-01
9.464406585188094301e-01
9.467191466264301969e-01
9.422860733547158141e-01
9.361043580267712771e-01
9.677836608583211264e-01
1.018233679946552117e+00
1.021772844835282301e+00
