1.159643192069500728e+00
1.134605506084635174e+00
1.087759843967933238e+00
1.042544316310634489e+00
9.646476765170096668e-01
9.641069545851909117e-01
9.698932101228655567e-01
9.753589042492645245e-01
9.804542692792731495e-01
9.851211911965546131e-01
9.892892949587853701e-01
9.928949263988642304e-01
9.959309471296995397e-01
9.984673421774943325e-01
1.000185638190874249e+00
9.980552394344053280e-01
9.901311685354475811e-01
1.004116510209989155e+00
1.050616995219744609e+00
1.049073305400047840e+00
