1.175646047530020555e+00
1.150944385765163558e+00
1.131699819777710614e+00
1.085590454784259640e+00
9.989458269245760080e-01
9.884037564031407097e-01
9.937537902408730695e-01
9.988274953683172752e-01
1.003578527579437552e+00
1.007963075595349256e+00
1.011924441603504921e+00
1.015414653662795041e+00
1.018436800890068383e+00
1.021064615586432245e+00
1.023039368063371368e+00
1.021758058110297407e+00
1.014564352606257547e+00
1.023816441999565230e+00
1.067468913473192949e+00
1.064076850434158450e+00
