1.179210232025255323e+00
1.154786394230362223e+00
1.141322321890773539e+00
1.095177367027451609e+00
1.006932679249926021e+00
9.939024846952448922e-01
9.991447451850850037e-01
1.004119228594014590e+00
1.008780385185702677e+00
1.013087678263333125e+00
1.016986940608278100e+00
1.020433612520554423e+00
1.023433912554138292e+00
1.026058680461107597e+00
1.028056480343642054e+00
1.026924577214858747e+00
1.019913605813882018e+00
1.028382764623783974e+00
1.071320533278521836e+00
1.067735889772105207e+00
