1.395597426727581691e+00
1.247607399329369038e+00
9.829681500581990417e-01
9.709323991736200643e-01
9.685715322105501457e-01
9.663814022954947403e-01
9.640979809448430027e-01
9.617593043730856550e-01
9.593918997229590184e-01
9.570247972110740298e-01
9.546897087383729996e-01
9.524170136229510586e-01
9.502368778177685549e-01
9.481749856126060472e-01
9.462553973566810717e-01
9.444960363944054915e-01
9.429118134227403303e-01
9.415103734298378990e-01
9.488327348086796897e-01
1.010562796089241377e+00
