1.158544011983446254e+00
1.106708529345774128e+00
1.090370216463623754e+00
1.095982163639320994e+00
1.106477474085751034e+00
1.111725471950398614e+00
1.109709018756596333e+00
1.103595538321854752e+00
1.096318970953189975e+00
1.089398612509970832e+00
1.082595416422715839e+00
1.073182413323697570e+00
1.062035211666546131e+00
1.050216212200457466e+00
1.038169559012615428e+00
1.025981873225339625e+00
1.013587511243093431e+00
1.000914278015710090e+00
9.881027829933691775e-01
9.760033502478756562e-01
