1.162311084027108032e+00
1.106272345793730905e+00
1.089465962372316188e+00
1.096839377344296818e+00
1.108668670412754853e+00
1.113649879905366236e+00
1.107906839828104673e+00
1.096642760120046134e+00
1.088256180660741368e+00
1.085274952681167360e+00
1.084416941957847325e+00
1.077206726023367089e+00
1.065438710677485634e+00
1.052308367011922652e+00
1.039189500988553005e+00
1.026276945362501802e+00
1.013419958296598367e+00
1.000459052801086601e+00
9.874729636801800048e-01
9.752736100212920922e-01
