1.395709256634978468e+00
1.261449238071580936e+00
9.955920812034848577e-01
9.824798683491842155e-01
9.794883013273779637e-01
9.772444032509504108e-01
9.748754659958579483e-01
9.724163523338192894e-01
9.698916937405996919e-01
9.673299943584873217e-01
9.647629869146624459e-01
9.622242223212060797e-01
9.597479111485429648e-01
9.573650139115394975e-01
9.551056891991117626e-01
9.529945358483997708e-01
9.510539514703745256e-01
9.492873530147598604e-01
9.544781923004764801e-01
1.014764458510917899e+00
