1.154841439241031331e+00
1.101731739656720999e+00
1.090474690474661834e+00
1.098766761698078076e+00
1.104249274121960500e+00
1.091154089150354611e+00
1.060655690048697419e+00
1.038589909354292740e+00
1.029879785089693911e+00
1.031963185392132498e+00
1.038661235675570449e+00
1.043018571763051572e+00
1.037752622049200601e+00
1.023726890001505740e+00
1.007617191680523883e+00
9.919516243021815338e-01
9.768687231505102098e-01
9.622899389732406661e-01
9.484461872752623091e-01
9.363015109371601863e-01
