1.156602566760298823e+00
1.103099771989032529e+00
1.096276434311878933e+00
1.111745928722696508e+00
1.128776501151128597e+00
1.095549447071667348e+00
1.052892567943841673e+00
1.029222699862604173e+00
1.023426078441743936e+00
1.027774642132408989e+00
1.035647905185762330e+00
1.047565441032524802e+00
1.055365458421211322e+00
1.048361951471727060e+00
1.030001845002772143e+00
1.010793522218105700e+00
9.929479966206918862e-01
9.761424397108141582e-01
9.603724372524855557e-01
9.465513436471202358e-01
