1.154915482637745461e+00
1.103906301254857336e+00
1.108469403667367015e+00
1.159854716331298885e+00
1.123614514845103995e+00
1.053775244271153877e+00
1.011123815475470478e+00
9.978585113149972541e-01
1.003550767953636846e+00
1.014316239606416481e+00
1.025088749729459625e+00
1.037932815161235034e+00
1.052292433399175442e+00
1.053909436182919990e+00
1.037480533453438492e+00
1.016279127767966584e+00
9.969519099582079269e-01
9.792438957170164215e-01
9.628914057653217284e-01
9.486937579761386408e-01
