1.157443199537031120e+00
1.104833717615717248e+00
1.104655712101416887e+00
1.150303020798436160e+00
1.136305807195166384e+00
1.072981809575825007e+00
1.026336268104550475e+00
1.008406688492579084e+00
1.010618062566193576e+00
1.019658327358693661e+00
1.029461358957574957e+00
1.041878705859979215e+00
1.056039824199380694e+00
1.057726403523140846e+00
1.041211671524677973e+00
1.019723042668242430e+00
1.000085003016501162e+00
9.820606912932421384e-01
9.653775400285045105e-01
9.508405403982972404e-01
