1.148640211881329920e+00
1.098446435693550827e+00
1.194147297887020009e+00
1.155153501334778898e+00
1.023402319253757575e+00
9.551449556453339707e-01
9.178136803033833946e-01
9.082991746610459272e-01
9.191034704633556096e-01
9.434864630593877699e-01
9.763623275222697018e-01
1.008672472935320918e+00
1.030409466341425606e+00
1.041483332825355435e+00
1.051169144816363588e+00
1.046732585735008492e+00
1.025872318574324815e+00
1.005260119374532302e+00
9.891174064198774429e-01
9.776254649808013841e-01
