1.148914370253075745e+00
1.089837066558272394e+00
1.127324721847398070e+00
1.165883566431435092e+00
1.049645377595759488e+00
9.755439522781907957e-01
9.256405334783529559e-01
9.177069632020853351e-01
9.210895987800125084e-01
9.250354456678738790e-01
9.340773745153341245e-01
9.555343805223193154e-01
9.908302503480584944e-01
1.034464889458670545e+00
1.067146045396880183e+00
1.072436803776029457e+00
1.069504236390041330e+00
1.067273435596224340e+00
1.050414142988387534e+00
1.036471606517248123e+00
