1.150452414204599538e+00
1.090806111542704349e+00
1.116850794194673480e+00
1.175220456571648642e+00
1.066905208786346870e+00
9.917225198362791261e-01
9.397092061114433736e-01
9.278507243544268368e-01
9.319810581903891222e-01
9.345070696167475655e-01
9.409425078536609588e-01
9.595471982328842575e-01
9.927167086040445954e-01
1.037024575286460415e+00
1.074134317184628928e+00
1.082265291793999884e+00
1.076175821414687928e+00
1.073535813330533273e+00
1.056143596919027150e+00
1.040650522607418527e+00
