1.152960808502548673e+00
1.092473169556971158e+00
1.106910055283260697e+00
1.185707900172630946e+00
1.091781644991079547e+00
1.015566880642555958e+00
9.610722542713708849e-01
9.429101456862273301e-01
9.477016710735821636e-01
9.494045721397377235e-01
9.542385364323536789e-01
9.680421385234516674e-01
9.964362402358295512e-01
1.039385523458487892e+00
1.082580688460761387e+00
1.097363949466252153e+00
1.087487419245198428e+00
1.083191851336502864e+00
1.065415843273632035e+00
1.047333224137379393e+00
