1.146178779260076164e+00
1.080127482932109917e+00
1.078405593220965297e+00
1.145217757826410665e+00
1.057502061317973308e+00
9.853955585616329671e-01
9.309421669448030290e-01
9.181043238750182800e-01
9.256222816321976188e-01
9.331685059255845349e-01
9.402577681887405170e-01
9.453886205632229256e-01
9.535014781449920873e-01
9.694168698020756425e-01
1.002987980315254823e+00
1.052438418089521432e+00
1.084465533132331405e+00
1.068863620244726587e+00
1.072207380405431065e+00
1.084004361506607506e+00
