1.146754415395704552e+00
1.080606966511046263e+00
1.080338979954702516e+00
1.153315185789971942e+00
1.071697112176908995e+00
9.991912709347363641e-01
9.429573297987642322e-01
9.292934754301780398e-01
9.366006554435610809e-01
9.439580226607144908e-01
9.510716942071018032e-01
9.565685209619361196e-01
9.627345887679377157e-01
9.752744252825076288e-01
1.006304024322510760e+00
1.056346431651265183e+00
1.095020337152734280e+00
1.079221220316962437e+00
1.075827220850522625e+00
1.088165899262083958e+00
