1.151111137844084364e+00
1.084392943372621598e+00
1.084790677102926981e+00
1.168063025464415094e+00
1.115617745926043458e+00
1.042888818348561841e+00
9.829135968231377252e-01
9.571956882266153821e-01
9.639992178008587320e-01
9.708312595488454155e-01
9.776000974543166411e-01
9.834704222355845626e-01
9.872470377160367239e-01
9.957684045609120904e-01
1.021246088704572230e+00
1.068823984352051060e+00
1.119216313345765101e+00
1.108457042060043918e+00
1.087627915662172873e+00
1.099293422441446344e+00
