1.320318425000682971e+00
1.280555914227530234e+00
1.243060434539641879e+00
1.226364171048896612e+00
1.223333025697049825e+00
1.225961562720188525e+00
1.227602637727256862e+00
1.228239222725256097e+00
1.227050940100435472e+00
1.224401492864999330e+00
1.220651763620223651e+00
1.216254045478265766e+00
1.212698406140586993e+00
1.208710996848652020e+00
1.203697558470697926e+00
1.197814199827618165e+00
1.191151237122587858e+00
1.183802674134407429e+00
1.176064376414476031e+00
1.168921790781152437e+00
