1.345321710003731797e+00
1.289075659451864864e+00
1.246425052029581870e+00
1.227408993848383423e+00
1.222299352125218341e+00
1.222908480882049176e+00
1.223178587286358310e+00
1.222757342854421392e+00
1.220852207651245802e+00
1.217780185245268321e+00
1.213865064722475573e+00
1.209526250837790418e+00
1.206212742818896899e+00
1.202717493477256205e+00
1.198326821677193843e+00
1.193158389452389834e+00
1.187273263945418655e+00
1.180741388511755030e+00
1.173827876850724650e+00
1.167451950630012725e+00
