1.356624068958758533e+00
1.290716996287493146e+00
1.245301347354017096e+00
1.225631620015680712e+00
1.220199928822841340e+00
1.220467936218467386e+00
1.220461802043777855e+00
1.219672961222437291e+00
1.217405008470066274e+00
1.214058601507540747e+00
1.210016983669840673e+00
1.205709851261990373e+00
1.202612195847971632e+00
1.199276548812731935e+00
1.195128079473047222e+00
1.190278435814018376e+00
1.184772490882041840e+00
1.178646501807377511e+00
1.172108643297469666e+00
1.165997268909430229e+00
