1.363696912090681890e+00
1.293184082834749393e+00
1.245705849434135981e+00
1.224806926320270106e+00
1.218441545662731329e+00
1.218030874345378711e+00
1.217596902249725277e+00
1.216516384682447605e+00
1.214076992710496405e+00
1.210622119044488798e+00
1.206558279577237380e+00
1.202304800093008774e+00
1.199302313742520720e+00
1.196233066757033114e+00
1.192394827736935614e+00
1.187889115425165176e+00
1.182751076098055520e+00
1.177005142013609174e+00
1.170838130418499823e+00
1.165044688232558245e+00
