1.318161756814370644e+00
1.271961691156446417e+00
1.233759362679830662e+00
1.218557145567621181e+00
1.216686609761585602e+00
1.218999771766869245e+00
1.218922342877353238e+00
1.215886071370168686e+00
1.209519508276392985e+00
1.200998548043769709e+00
1.190925769075874108e+00
1.180649026909704968e+00
1.169744066110547598e+00
1.157353190119818409e+00
1.143908990847217311e+00
1.129667982830482531e+00
1.114725496608229394e+00
1.099094516860213755e+00
1.082910979730063339e+00
1.066959424564713599e+00
