1.358036098218324828e+00
1.204860548256056818e+00
9.151331275431277001e-01
8.880641409722934698e-01
8.872523778711510767e-01
8.869290093080821613e-01
8.870660007906484568e-01
8.876550886589047451e-01
8.886744234667781628e-01
8.900969956276066908e-01
8.918951436277564593e-01
8.940401290896852204e-01
8.965047364609215474e-01
8.992627084188679065e-01
9.022899067689985619e-01
9.055637236328550888e-01
9.090634728494904060e-01
9.127711920423718928e-01
9.167926667466119728e-01
9.207373701348751105e-01
