1.342407128910751979e+00
1.279418941713495794e+00
1.235138603452483164e+00
1.216839394003845332e+00
1.212347703109064589e+00
1.212218464355105052e+00
1.210237120815942369e+00
1.205611549688344386e+00
1.198045357620655338e+00
1.188718596984611686e+00
1.178243185388535341e+00
1.167918843820775265e+00
1.157426661086404351e+00
1.145727279208375249e+00
1.133177747804922308e+00
1.119970601010309430e+00
1.106152299746512746e+00
1.091693866306188809e+00
1.076682315050950578e+00
1.061817724229349835e+00
