1.349226221171514251e+00
1.281471138463333270e+00
1.235193652098095285e+00
1.215691816962089389e+00
1.210206922769708981e+00
1.209248692256860824e+00
1.206660424037366397e+00
1.201571711296448797e+00
1.193685035408139861e+00
1.184154013854780363e+00
1.173604736479985311e+00
1.163267595434110735e+00
1.152994522559820822e+00
1.141593102926150571e+00
1.129395170998515496e+00
1.116573344091464470e+00
1.103160266716626703e+00
1.089115921961026245e+00
1.074512745027860872e+00
1.060024313116448402e+00
