1.360485686108321879e+00
1.283605473857709622e+00
1.233731024362880291e+00
1.212257035057173082e+00
1.205175335037387718e+00
1.202840834134218717e+00
1.199182526246028502e+00
1.193201682148029352e+00
1.184659964984404290e+00
1.174715624906442990e+00
1.164038629107406297e+00
1.153829306045531800e+00
1.143966091778005012e+00
1.133120580188705651e+00
1.121589945568039592e+00
1.109518273288709445e+00
1.096914008816518127e+00
1.083713268885378556e+00
1.069954136002059242e+00
1.056247925893158524e+00
