1.364310199174129767e+00
1.286302435061087657e+00
1.234557399384544230e+00
1.211072682233176767e+00
1.202306436068890649e+00
1.198744631795858773e+00
1.194460655821940387e+00
1.188290245198160733e+00
1.179818413995169957e+00
1.170001860729473098e+00
1.159471541470977529e+00
1.148945291263796520e+00
1.139586556007204265e+00
1.129283606335710566e+00
1.118286081405224675e+00
1.106711574970581147e+00
1.094563368434504191e+00
1.081786263434387330e+00
1.068433231295751629e+00
1.055110852425914736e+00
