1.330812179620953772e+00
1.268316869306987282e+00
1.226113047017941327e+00
1.210840120118076069e+00
1.208344749753157199e+00
1.207841954663997353e+00
1.202490008821003098e+00
1.191662465124696091e+00
1.176830234988349044e+00
1.160357838839781719e+00
1.144174344633717588e+00
1.126683891561165218e+00
1.107276564621735071e+00
1.086951792944919948e+00
1.066336934412950521e+00
1.045684457792211530e+00
1.025007738025905946e+00
1.004248083785739265e+00
9.835466812004632908e-01
9.638432185325709334e-01
