1.346345785017356134e+00
1.271926096139626594e+00
1.225103827177072890e+00
1.207177061500817938e+00
1.202356589946281584e+00
1.199604110792246381e+00
1.192629799270460200e+00
1.180617039210359653e+00
1.165147746474758828e+00
1.148698233321312934e+00
1.133262719451624490e+00
1.116807741505672080e+00
1.098642252135708874e+00
1.079660402956531540e+00
1.060403651286824234e+00
1.041058102907367111e+00
1.021582913170236306e+00
1.001875456396338793e+00
9.820430262105311892e-01
9.630135369602633721e-01
