1.350361143792692786e+00
1.271334340763958348e+00
1.223578372879704723e+00
1.205630662434497236e+00
1.200683605674710108e+00
1.197394483810791277e+00
1.189667009343451820e+00
1.176844948184089912e+00
1.160962759825945101e+00
1.144634773832374774e+00
1.130018688427908868e+00
1.113921958912501120e+00
1.096038828743621574e+00
1.077330530575828504e+00
1.058379999510699276e+00
1.039371596172411483e+00
1.020243124685227709e+00
1.000866170434345115e+00
9.813264228250628829e-01
9.625430375195975774e-01
