1.360136926260389512e+00
1.274354486691952282e+00
1.221823795468304885e+00
1.199802868833021563e+00
1.191566568562374417e+00
1.186082398074206568e+00
1.177477309173371456e+00
1.164706714861815540e+00
1.148984785952696042e+00
1.132768258013497231e+00
1.117869209301347588e+00
1.102986605947250176e+00
1.086720430330051723e+00
1.069737973033451972e+00
1.052424653617773931e+00
1.034886889466160032e+00
1.017046353995531449e+00
9.987816710544751286e-01
9.801884546994107383e-01
9.621785447736291852e-01
