1.290199622478931385e+00
1.246016683782598555e+00
1.216991689884603378e+00
1.213859356944364976e+00
1.220265284559671093e+00
1.221470123990510803e+00
1.207280576699372165e+00
1.182160523165207922e+00
1.156108499212737506e+00
1.135298633964141324e+00
1.117952464678339641e+00
1.097298159236636428e+00
1.071835097834121786e+00
1.044352944017406415e+00
1.018046596122241354e+00
9.938737412195179921e-01
9.717541473858331003e-01
9.515227082218594701e-01
9.334073383231820120e-01
9.186072119358897892e-01
