1.343221704611175848e+00
1.262334769592695416e+00
1.218661708596632476e+00
1.206101358370719634e+00
1.203747667728844561e+00
1.196829518505686973e+00
1.175893824231326157e+00
1.145839304751428589e+00
1.117647203065126771e+00
1.099163297194022615e+00
1.089690863847508684e+00
1.080755358759446283e+00
1.067494266178505402e+00
1.048362024728647368e+00
1.026960555835617406e+00
1.005941262378031276e+00
9.856983276337497601e-01
9.661461676256036801e-01
9.476709927916741050e-01
9.318549876278833244e-01
