1.354325516095622906e+00
1.263840575553400125e+00
1.215993131642373770e+00
1.200544696003607026e+00
1.195601644092509908e+00
1.186447940485239938e+00
1.163112904194842923e+00
1.130406296097621333e+00
1.100484761441867132e+00
1.081738182548489302e+00
1.075221994627534317e+00
1.071806261269496963e+00
1.065641304479691964e+00
1.051748574268966285e+00
1.032305114207209495e+00
1.011897166676277493e+00
9.918572753657004526e-01
9.722171297932908907e-01
9.533825939465269128e-01
9.370374711423480329e-01
