1.356568140010819157e+00
1.263992043987824276e+00
1.215204447436244450e+00
1.199097342930716348e+00
1.193574612204364227e+00
1.183937944758818972e+00
1.160070792673468354e+00
1.126561640645278306e+00
1.096065166923703593e+00
1.077046765508384629e+00
1.071119259043608718e+00
1.069033617101958544e+00
1.064843967586221130e+00
1.052669737099340308e+00
1.033854537212180791e+00
1.013545422605591106e+00
9.934977895441157170e-01
9.738008903135443317e-01
9.548587897979095018e-01
9.383715036900504014e-01
