1.289024265747338305e+00
1.240275962216436323e+00
1.218067529564236695e+00
1.225380939459624896e+00
1.243017474243615084e+00
1.225114345064846066e+00
1.172212004906130645e+00
1.115659879964622903e+00
1.073177037219967822e+00
1.045748424245686703e+00
1.027162641812518817e+00
1.016316888584515521e+00
1.013228421013067759e+00
1.012061953702531714e+00
1.003523626322447626e+00
9.880776156027766266e-01
9.727617401073400671e-01
9.596621878997355637e-01
9.491687966749987604e-01
9.427016255422218105e-01
