1.323737546633175555e+00
1.250482705878575462e+00
1.221561084324786606e+00
1.231266369207115741e+00
1.245166067676366062e+00
1.202254402672321199e+00
1.127433198577519669e+00
1.062421332723106682e+00
1.023675010457060663e+00
1.006583340273194294e+00
1.000308450887557932e+00
1.000832432360239554e+00
1.006178047698235156e+00
1.016574908826048951e+00
1.024386303141322285e+00
1.016968918720000836e+00
9.985894677046575074e-01
9.808545173797783567e-01
9.665583145593453773e-01
9.571821930212706109e-01
