1.330528249657409567e+00
1.249595888549722478e+00
1.222440793871829801e+00
1.249699671650583266e+00
1.247489116419079558e+00
1.176787964577498791e+00
1.084377684168469580e+00
1.018475952148827801e+00
9.862881474334947995e-01
9.772010439862948150e-01
9.795730082395885940e-01
9.885784450813867030e-01
1.000001039354210697e+00
1.013364614058148927e+00
1.027552200348858413e+00
1.027254988271510960e+00
1.009244845255781176e+00
9.889070206034181743e-01
9.726551484875223252e-01
9.619832604838222112e-01
