1.341736183540789495e+00
1.250963784144461854e+00
1.221054618605616815e+00
1.253942212458722949e+00
1.237787708691056254e+00
1.148145442524177273e+00
1.045660997783825596e+00
9.794663210580193402e-01
9.509086103189510197e-01
9.471976068056746634e-01
9.565800944194486899e-01
9.744016290988144480e-01
9.946645061088321693e-01
1.012879119677079220e+00
1.031186923275245526e+00
1.040121425926516796e+00
1.025572464592852562e+00
1.001764204976405059e+00
9.824888106871121352e-01
9.698059311995256282e-01
