1.349166118545249482e+00
1.252255437366140534e+00
1.217999722448803501e+00
1.247545522630810089e+00
1.230389648086324117e+00
1.137028882586828438e+00
1.031591587695464884e+00
9.650543910955260429e-01
9.368321353438785470e-01
9.331564622184274072e-01
9.434821191260888140e-01
9.644430072517565788e-01
9.901651141831908642e-01
1.013131034203086589e+00
1.032944787988198332e+00
1.047520480375388141e+00
1.037558881804761413e+00
1.011689126768158031e+00
9.898973063684016749e-01
9.756018032734909973e-01
