1.349972661353393999e+00
1.250522447998988262e+00
1.217204465586952722e+00
1.250754859691558085e+00
1.224704179394664472e+00
1.121661648217584961e+00
1.015186039812030039e+00
9.528008019614713220e-01
9.270079141782491261e-01
9.238589772085207263e-01
9.345090957971713408e-01
9.568606862363182586e-01
9.855500431284472951e-01
1.011678774872526887e+00
1.032491573538064866e+00
1.049222014032786809e+00
1.041909893311278701e+00
1.015426931793186327e+00
9.924386116087801080e-01
9.774615337424580330e-01
