1.322461112214955214e+00
1.371790720818036657e+00
1.257116752871406229e+00
1.018826127611813126e+00
9.576252263519473562e-01
9.443119566391128261e-01
9.391995238712296246e-01
9.398749070024924324e-01
9.407719423991196539e-01
9.418404914399534089e-01
9.430748029950564160e-01
9.444579867547944207e-01
9.459754248926881548e-01
9.476143063902302544e-01
9.493633044494893536e-01
9.512231956768943952e-01
9.532022952132331861e-01
9.487598788934873406e-01
9.521874758194731614e-01
9.045992501017323661e-01
