1.341790390644158615e+00
1.380544018908084203e+00
1.289152140180957584e+00
1.069121627024333332e+00
1.007828026013598333e+00
9.866009266748901885e-01
9.767849265048298424e-01
9.770440228346400913e-01
9.776219198765071505e-01
9.784221530706184167e-01
9.794426379516720793e-01
9.806630747100902878e-01
9.820649912990647712e-01
9.836319122526352432e-01
9.853503777241288120e-01
9.872185665913751906e-01
9.892283088350393161e-01
9.849001616589067032e-01
9.718270309343315372e-01
9.551219746971036928e-01
