1.346963819456366895e+00
1.382600015215403655e+00
1.289147627075295510e+00
1.070462433807453095e+00
1.010374461221501985e+00
9.888744860552550753e-01
9.789630224864936947e-01
9.792170978355624333e-01
9.797866833432469225e-01
9.805748402265843655e-01
9.815810611856838896e-01
9.827845784120717854e-01
9.841677302887398282e-01
9.857141907743430798e-01
9.874105399765332747e-01
9.892569329360514363e-01
9.912384465198049721e-01
9.862242698132562824e-01
9.738577541774845470e-01
9.576922722853636882e-01
