1.259606491118797855e+00
1.330177035200438285e+00
1.217745409183207173e+00
9.657878856076240748e-01
8.813407587573456325e-01
8.743182775720441668e-01
8.740107775204166707e-01
8.743949357311848747e-01
8.748203125790500190e-01
8.752989884924659014e-01
8.758314194778041850e-01
8.764183117802043510e-01
8.770617794764101749e-01
8.777668837618892717e-01
8.785384191569751700e-01
8.793821199469422645e-01
8.802999230561084909e-01
8.812959824044607204e-01
8.858202519270853559e-01
9.005564625190812800e-01
