1.247472285619965593e+00
1.313591965651865312e+00
1.196605672839795798e+00
9.466078104700208495e-01
8.817086046039565028e-01
8.732445035773278574e-01
8.730813698725511385e-01
8.732446302883386524e-01
8.736646627191267944e-01
8.743756823046497928e-01
8.753908846186463366e-01
8.767206293548374108e-01
8.783728566888699962e-01
8.803510740139158797e-01
8.826555752836050539e-01
8.852821635852117232e-01
8.882241649365661962e-01
8.914723891650289112e-01
8.950228223412984851e-01
8.988496693002621107e-01
