1.259258585143446130e+00
1.322487578364261562e+00
1.213905004866072446e+00
9.694146238728892362e-01
9.048440712302042721e-01
8.933807167454581588e-01
8.921880374071445852e-01
8.913623472330157727e-01
8.908075986667789437e-01
8.905617198890679598e-01
8.906394229739504897e-01
8.910560431658605118e-01
8.918252368117983719e-01
8.929558852988191964e-01
8.944529141062119715e-01
8.963160849414721909e-01
8.985406010650953679e-01
9.011187991234808070e-01
9.040461672036395058e-01
9.072987410843021960e-01
