1.375657460630308027e+00
1.263210984157485672e+00
9.984551956166495268e-01
9.797259781633640419e-01
9.744593482864675194e-01
9.691458617450832147e-01
9.639189492869892906e-01
9.590085781473826065e-01
9.545997391222091899e-01
9.508259177016739061e-01
9.477638019524333712e-01
9.454400915114823389e-01
9.438613817320260502e-01
9.429838730502195787e-01
9.427539947387866270e-01
9.431160994774783202e-01
9.440269507231543455e-01
9.454730100631352219e-01
9.473918411083599445e-01
9.491089996645779570e-01
