1.274800551888467304e+00
1.333970177557932901e+00
1.230535142641144830e+00
9.947365063278084119e-01
9.355421818126865574e-01
9.192283294657817017e-01
9.169110007466759749e-01
9.150027659010657732e-01
9.133596241233346014e-01
9.120159198274829793e-01
9.109856119013045594e-01
9.102884511763543740e-01
9.099484304756437769e-01
9.099868621589525253e-01
9.104214269333616993e-01
9.112645055563177721e-01
9.125212132878830484e-01
9.141911266652513746e-01
9.162744071514978828e-01
9.187533190475978273e-01
