1.284106294971051554e+00
1.340009816443270108e+00
1.244826926414390300e+00
1.015148852900633170e+00
9.554913453459946693e-01
9.356569253626539906e-01
9.327752769012429557e-01
9.303141824289502537e-01
9.280936613686262548e-01
9.261505271869375777e-01
9.244972132941595699e-01
9.231558046208764301e-01
9.221554213006980527e-01
9.215253577962869702e-01
9.212923287015124529e-01
9.214774436720434281e-01
9.220936310370065891e-01
9.231476692216743496e-01
9.246441502903230969e-01
9.265715468008661748e-01
