1.287356852542599794e+00
1.341904551297384174e+00
1.250857033278450769e+00
1.023791485514750299e+00
9.629877565607389833e-01
9.418315899723322948e-01
9.387652724549816474e-01
9.361196411045479282e-01
9.337003957542585608e-01
9.315464688734549359e-01
9.296701047615754110e-01
9.280954665475615872e-01
9.268530812060399304e-01
9.259755050128529730e-01
9.254929098610649163e-01
9.254291543830605038e-01
9.258013669656183220e-01
9.266182315838590311e-01
9.278868363397940744e-01
9.295979519099534238e-01
