1.292492489583864534e+00
1.344624479715378573e+00
1.258557594443611594e+00
1.036244972404927189e+00
9.740170678088956313e-01
9.509284851655112059e-01
9.476027361875244415e-01
9.447103331118982261e-01
9.420307885155345673e-01
9.396011398345153198e-01
9.374299799297280966e-01
9.355394186853593919e-01
9.339613435386133755e-01
9.327322107673967633e-01
9.318871259829430986e-01
9.314570794959066147e-01
9.314654784388824993e-01
9.319278965892070499e-01
9.328550674579696445e-01
9.342442430135720066e-01
