1.244067363380165325e+00
1.311787888110305556e+00
1.142591024220906970e+00
9.059796898087646433e-01
8.739558170286639838e-01
8.694934854689982950e-01
8.698400532891856773e-01
8.707672534773229778e-01
8.722841261403649904e-01
8.744125690966998432e-01
8.771530847330243352e-01
8.804975138231309062e-01
8.844284193094228419e-01
8.889209782448603825e-01
8.939455644812958068e-01
8.994683706512597299e-01
9.054548478154784696e-01
9.118692081091207546e-01
9.186838841673414802e-01
9.258582855608245010e-01
