1.264148680276587555e+00
1.324808836322767913e+00
1.179347502440984297e+00
9.492167853360587992e-01
9.093852281541677796e-01
9.001254921901160611e-01
8.983116023796139382e-01
8.971698460573900302e-01
8.966948004785971760e-01
8.969243508858200098e-01
8.978725084186262029e-01
8.995403852922720933e-01
9.019186238260091804e-01
9.049845213235706565e-01
9.087074365701993672e-01
9.130489648099677780e-01
9.179678564278490605e-01
9.234207907165964402e-01
9.293724886527874318e-01
9.357754807204674563e-01
