1.376128881359021561e+00
1.269389470591164581e+00
1.005888229347202234e+00
9.865218103443692543e-01
9.811963808531718456e-01
9.757480304967375284e-01
9.702952981983566927e-01
9.650798280134895712e-01
9.603067585458335831e-01
9.561360611182692093e-01
9.526690824587621398e-01
9.499667544457729429e-01
9.480267541372001672e-01
9.468152312292473782e-01
9.462817716990649108e-01
9.463700019595261415e-01
9.470352876112062557e-01
9.482586573801543572e-01
9.499618661067587011e-01
9.514821095724920186e-01
