1.275602376292110041e+00
1.331738176270509832e+00
1.198562296797925253e+00
9.737551556803443198e-01
9.305530913361377277e-01
9.181470304048660047e-01
9.152363330744271996e-01
9.130073901272560688e-01
9.114459365383890121e-01
9.106036198638253198e-01
9.105091598541877884e-01
9.111776692067465877e-01
9.126113225378225113e-01
9.147968535317757555e-01
9.177089853282054399e-01
9.213108129404495861e-01
9.255605032104579077e-01
9.304116418641563691e-01
9.358253052926526205e-01
9.417507353389358293e-01
