1.282408170271995607e+00
1.335453845066213230e+00
1.213348206771615700e+00
9.916443507599919105e-01
9.450285049689279848e-01
9.301631429397974049e-01
9.266031927254566591e-01
9.237192605426667313e-01
9.214874291560911646e-01
9.199718590953002151e-01
9.192104210078930748e-01
9.192303993251610406e-01
9.200426165779103105e-01
9.216413158295650998e-01
9.240055377654742275e-01
9.271016055163789904e-01
9.308869432191690940e-01
9.353150545262898241e-01
9.403442264691117547e-01
9.459228790461952086e-01
