1.258997443272350525e+00
1.313313539234482352e+00
1.104289909880906917e+00
9.056065343728901817e-01
8.834943286884274771e-01
8.822248021209946334e-01
8.821477018241703494e-01
8.830409763742457230e-01
8.849728104565065534e-01
8.879385945394386859e-01
8.919133840903108457e-01
8.968557223329228778e-01
9.027087089785611473e-01
9.094072782955533452e-01
9.168789859499421047e-01
9.250506339657859067e-01
9.338489083686790648e-01
9.432040493611103527e-01
9.530654084184605468e-01
9.633869127031350343e-01
