1.350075771475106601e+00
1.213643747372903814e+00
9.250857329199821955e-01
8.809051014229202226e-01
8.711109110049577442e-01
8.690176968248300993e-01
8.683739379839817696e-01
8.688774775180075904e-01
8.704038006156297191e-01
8.730129224485473349e-01
8.769125240142647826e-01
8.823480658141652500e-01
8.894897285270830789e-01
8.983689532924397092e-01
9.088809748601853755e-01
9.208252649671108125e-01
9.339495304133020870e-01
9.479901331383410179e-01
9.628574227129069740e-01
9.778292577775136163e-01
