1.275370451465492883e+00
1.324164838879741124e+00
1.128501962592999064e+00
9.331129092353290799e-01
9.054894539339911619e-01
9.024253106895079313e-01
9.006541382486792369e-01
8.999146805558870810e-01
9.002939921752063368e-01
9.018011326156902818e-01
9.044246421130941460e-01
9.081313115845432993e-01
9.128686094683076124e-01
9.185686029385830009e-01
9.251538730115956843e-01
9.325426014515958428e-01
9.406514378452608405e-01
9.494013428153968981e-01
9.587238478322875901e-01
9.685548792067795176e-01
