1.280375429418648903e+00
1.327776408048582546e+00
1.139050701299486157e+00
9.429417433204815291e-01
9.132796233849873602e-01
9.096500522408098588e-01
9.073407589038468002e-01
9.060757765567784006e-01
9.059510082958738275e-01
9.069800235560461221e-01
9.091557848003449793e-01
9.124477111497576454e-01
9.168035920777056758e-01
9.221554662725323093e-01
9.284247403891735528e-01
9.355261635757751160e-01
9.433751153460208094e-01
9.518887094297419083e-01
9.609969725246479966e-01
9.706333859204173686e-01
