1.286956201144135115e+00
1.331853130568793731e+00
1.155216312252453914e+00
9.585440819140511604e-01
9.253123377013189321e-01
9.201089502129934372e-01
9.170221159148638224e-01
9.149926563980892436e-01
9.141195643652471059e-01
9.144281939639911094e-01
9.159215059901296696e-01
9.185771973343310748e-01
9.223489178783739195e-01
9.271707907538067062e-01
9.329633008367376190e-01
9.396391391010795457e-01
9.471086781176126790e-01
9.552869640697249087e-01
9.642017989663524968e-01
9.734692673593441370e-01
