1.290982717897855458e+00
1.333442271605537410e+00
1.156327424592933584e+00
9.626503183692229904e-01
9.286058283025760973e-01
9.233920752852033953e-01
9.200388521030398170e-01
9.177337819117799000e-01
9.165753897004365047e-01
9.165932961408365109e-01
9.177985570264294291e-01
9.201798893445131133e-01
9.237008353562231600e-01
9.283020998449417194e-01
9.339079871382502951e-01
9.404320207805306753e-01
9.477834621781645597e-01
9.558744572100568160e-01
9.647729549617481970e-01
9.739627555324940067e-01
