1.294508029773802971e+00
1.335348134672641685e+00
1.168673311139351023e+00
9.715621566721176494e-01
9.350557304442193018e-01
9.282531144050694127e-01
9.245848344826648191e-01
9.219873175362351958e-01
9.205606814077672562e-01
9.203404763503137964e-01
9.213339504127904256e-01
9.235225321527706921e-01
9.268613223784643029e-01
9.312846278487565410e-01
9.367116376438245906e-01
9.430526897885959103e-01
9.502225847811488491e-01
9.582325892265868283e-01
9.669154032153935985e-01
9.758032213854405112e-01
