1.317306769153688162e+00
1.279414426324955834e+00
1.268524587177341623e+00
1.176210191636098745e+00
9.951180623434472405e-01
9.003112611240797758e-01
9.376938144923997465e-01
9.193842975521789862e-01
9.133385100201465434e-01
9.158780425150774285e-01
9.186240226766513306e-01
9.214683733052771997e-01
9.244214829212119566e-01
9.275117076125424243e-01
9.305859554629988262e-01
9.103740648027883742e-01
9.267412448686297433e-01
9.411993366302948694e-01
8.885827689321746936e-01
9.178469881997757263e-01
