1.340640927008462491e+00
1.290393163642664653e+00
1.290281787902756161e+00
1.232536188611964345e+00
1.081628152493099737e+00
9.965249223528733769e-01
1.017741988017010879e+00
9.754654279819947593e-01
9.637314616948949864e-01
9.631933656314792813e-01
9.650894605864330789e-01
9.671460234917894638e-01
9.693484928696023406e-01
9.717114114503613287e-01
9.741559900410549089e-01
9.593690051579113476e-01
9.562277933644376393e-01
9.862253156439384494e-01
9.337827668353010369e-01
9.409374054302657164e-01
