1.352069336184828163e+00
1.298583798792810606e+00
1.301205815365846341e+00
1.254625858653192427e+00
1.118994542743570797e+00
1.049782713070938289e+00
1.055685530294193875e+00
1.002308609431217246e+00
9.884620700471236088e-01
9.867270068918546633e-01
9.883150932806689104e-01
9.901038465073055406e-01
9.920682412908411463e-01
9.942142499808542810e-01
9.964966856274670715e-01
9.871041278840739785e-01
9.714925229379582916e-01
1.004054115429352745e+00
9.651663256016514980e-01
9.531367307294321689e-01
