1.356424165227892775e+00
1.300714821289635115e+00
1.305146840320829504e+00
1.264361281342679222e+00
1.136595247405203235e+00
1.066080726320913996e+00
1.072227393795569306e+00
1.013101627907636804e+00
9.984122535821203792e-01
9.957316701548867277e-01
9.972069139021721984e-01
9.988862122896213780e-01
1.000735206363082108e+00
1.002761105266582575e+00
1.004923591728921428e+00
9.963800413533284717e-01
9.784793159250250172e-01
1.010348604087731861e+00
9.774398749030311917e-01
9.585338163187413496e-01
