1.359916639381434145e+00
1.302779398473998818e+00
1.308352418590662758e+00
1.271480862844025950e+00
1.149671666887024157e+00
1.079547737275162067e+00
1.084942740543079154e+00
1.021526162128864046e+00
1.006208200185641832e+00
1.002864373454551927e+00
1.004249421053886149e+00
1.005842695642229501e+00
1.007602805639909338e+00
1.009538163285903511e+00
1.011612144457304741e+00
1.003931559959600150e+00
9.840322320333848571e-01
1.014895750127517315e+00
9.878671732516032256e-01
9.628626365087963324e-01
