1.362324204999449062e+00
1.305134366980665206e+00
1.310870747144425419e+00
1.275784980258729551e+00
1.157620320868558483e+00
1.091529676499813473e+00
1.093352343984864250e+00
1.027553297899425733e+00
1.011893680169354326e+00
1.008278042905145888e+00
1.009626949457729461e+00
1.011196414247418796e+00
1.012941487161744814e+00
1.014868792693852217e+00
1.016946347317104760e+00
1.010610443457163665e+00
9.880241807370794271e-01
1.017023547615801604e+00
9.964782873599606905e-01
9.660406296158338124e-01
