1.364357033557802579e+00
1.307859864361070823e+00
1.313154692156463410e+00
1.278412832856055115e+00
1.162046310644227587e+00
1.102279264666366831e+00
1.098180348164232267e+00
1.031635644533928087e+00
1.015749892897346740e+00
1.012232204404910796e+00
1.013527854614938661e+00
1.015057505609014310e+00
1.016778289592352724e+00
1.018693478169135469e+00
1.020776356029485576e+00
1.016047945487853266e+00
9.906313941897676445e-01
1.017812297569519409e+00
1.003940989005887241e+00
9.682479361058468070e-01
