1.341408284991154165e+00
1.267001341168187079e+00
1.287334007844323169e+00
1.242337789231888312e+00
1.089361463967544630e+00
9.954264342670257060e-01
1.001988943781576769e+00
9.710388466619089831e-01
9.628158132282466086e-01
9.644861151985052450e-01
9.663475318973181460e-01
9.682908470454185679e-01
9.703162566440077796e-01
9.724030007681777610e-01
9.745484131348994827e-01
9.767017560433566281e-01
9.646885247554365383e-01
9.542384126227585472e-01
9.595104521873314418e-01
8.835676063774998701e-01
