1.362989938775788890e+00
1.285867516210772887e+00
1.307324966942655653e+00
1.282374149450515199e+00
1.163873174352803463e+00
1.090994082483452754e+00
1.075912359105706262e+00
1.024428812812834044e+00
1.010055373582405824e+00
1.011047450250684099e+00
1.012354602827759020e+00
1.013794340956490903e+00
1.015379536642540659e+00
1.017088179247339630e+00
1.018907502347464522e+00
1.020807621871952175e+00
1.015458659093711802e+00
9.837999587661530043e-01
1.014861896149446441e+00
9.332613556222073559e-01
