1.348255039015916257e+00
1.261439922282213022e+00
1.291512929407113264e+00
1.260698653106173905e+00
1.113328085281254598e+00
1.041242619379192380e+00
1.007082171932865977e+00
9.839749499706976765e-01
9.824153775991102400e-01
9.832011992402722722e-01
9.839340365659545729e-01
9.845905206480927152e-01
9.851168943057075911e-01
9.854534211922234554e-01
9.855383303300324638e-01
9.853240419270526962e-01
9.847282299796591420e-01
9.724785748018036635e-01
9.605910022854371455e-01
9.301798105607113065e-01
