1.353898651527954744e+00
1.268230064720150763e+00
1.297701275540453114e+00
1.269558993178529605e+00
1.129750189072240563e+00
1.068682574265516827e+00
1.022000263444865276e+00
9.970905618972569773e-01
9.950451488514792109e-01
9.957018889068292022e-01
9.963653107926585539e-01
9.970102281356503227e-01
9.975831933262057083e-01
9.980240247959559774e-01
9.982706896456431389e-01
9.982738602405636374e-01
9.979469737375278315e-01
9.864352506701405954e-01
9.688716024790448023e-01
9.514553442623914226e-01
