1.356232116167321866e+00
1.270443501191954372e+00
1.299684505704638893e+00
1.274201657681582001e+00
1.139355381285177327e+00
1.077668230977758101e+00
1.030326609750134015e+00
1.003228265374836781e+00
1.000287193904625616e+00
1.000884211581745564e+00
1.001507327826047566e+00
1.002122234540826273e+00
1.002678872792625464e+00
1.003117708358609139e+00
1.003378378042957042e+00
1.003412254892591005e+00
1.003130778970115600e+00
9.915671589733546787e-01
9.722587973588859844e-01
9.603219927525717958e-01
