1.326444977211888476e+00
1.233633770849327238e+00
1.268675481174103004e+00
1.227644659431899932e+00
1.052057098646949740e+00
9.698671661244451236e-01
9.541483950414973991e-01
9.403223045810555902e-01
9.396575430498763648e-01
9.385431805571502473e-01
9.367574452036939725e-01
9.342601880449310503e-01
9.310368987874807489e-01
9.271669075289994399e-01
9.228462267825401355e-01
9.183901219794152748e-01
9.141849754299395947e-01
9.105916914837236531e-01
9.102039157585783968e-01
9.260885413865882487e-01
