1.362974897669285479e+00
1.210081221952303387e+00
9.420962365887217693e-01
9.255949056555458077e-01
9.211753317201677449e-01
9.180516143165217136e-01
9.162481844735239633e-01
9.157160446402478060e-01
9.163421975059188318e-01
9.179963586870214520e-01
9.205502354730119574e-01
9.239176526780621401e-01
9.279854444019550730e-01
9.326389580062220963e-01
9.377976662982888678e-01
9.433932435961026597e-01
9.493824617209994932e-01
9.557779069633859370e-01
9.625648850538314205e-01
9.687691978902153167e-01
