1.341144660801484534e+00
1.250091622693719540e+00
1.283940875881972588e+00
1.251470038703551335e+00
1.093976996139960134e+00
1.033991069388970674e+00
9.923341951268692673e-01
9.750823436672236832e-01
9.743925619743398769e-01
9.735167828068866935e-01
9.721629847447230688e-01
9.702414823642879771e-01
9.676325565749701596e-01
9.642501794704917417e-01
9.600729682785070773e-01
9.551842386447898514e-01
9.498153926329572228e-01
9.443078153940303032e-01
9.372735073537472594e-01
9.493023942651201974e-01
