1.349368817142291732e+00
1.258385115286397404e+00
1.290895491399680406e+00
1.269268500491400609e+00
1.128276737678977959e+00
1.065659633001519779e+00
1.015090234042329786e+00
9.944300138144165357e-01
9.936192344555120348e-01
9.927247204336568931e-01
9.913573106847427541e-01
9.894307551118490807e-01
9.868471211774836327e-01
9.835075635740592181e-01
9.794006197987850104e-01
9.746530086871385556e-01
9.693264878996348255e-01
9.626595984773427261e-01
9.527517250159525108e-01
9.615220463498713732e-01
