1.323710384476610491e+00
1.231317622380180277e+00
1.268745634251879917e+00
1.224724548441572525e+00
1.045023354505181690e+00
9.873026788186597402e-01
9.555630595056202603e-01
9.488084380456204281e-01
9.458857439651284782e-01
9.419607839752451861e-01
9.370716775399059451e-01
9.314652487418125792e-01
9.256422402301225372e-01
9.202823494152100325e-01
9.160414490240398333e-01
9.133613904199259226e-01
9.124187338769131905e-01
9.133005971372740728e-01
9.160069735872895524e-01
9.192701616747610549e-01
