1.364916306822303138e+00
1.222338736008433235e+00
9.570376571089312945e-01
9.398264143635043366e-01
9.341243525733812225e-01
9.296582319582357146e-01
9.265679922184630879e-01
9.248707901554784616e-01
9.244754713226241982e-01
9.252924594715390416e-01
9.271458498249672830e-01
9.298937220723978436e-01
9.334120132097358802e-01
9.375933259190709634e-01
9.423444155808669009e-01
9.475875463685170530e-01
9.532716691236132744e-01
9.593993887948476518e-01
9.659259811765121828e-01
9.718586094693674182e-01
