1.065707489982509193e+00
1.018763375667656623e+00
1.047705511767081044e+00
9.501120122303529092e-01
8.429849223648948620e-01
8.673777347196380827e-01
8.349876693413219586e-01
8.303441272443817800e-01
8.308538156986471357e-01
8.333117759426331705e-01
8.311256483147730911e-01
8.217648604681447866e-01
8.467116425880240049e-01
8.917172721757617992e-01
9.403905660642475350e-01
9.636001538789462639e-01
9.626187911061442337e-01
9.431921650129192480e-01
8.947765031581195183e-01
8.589179129826487458e-01
