1.095195961778271609e+00
1.030835853745992958e+00
1.073618756416950815e+00
1.015600057725444483e+00
9.262579456180817239e-01
9.272210247274832451e-01
8.778005831079630505e-01
8.635441157812828727e-01
8.619164232613132359e-01
8.638291406145471862e-01
8.655127139121000512e-01
8.522575273640415894e-01
8.612208899371918136e-01
8.991308512763854788e-01
9.492444824395444014e-01
9.800256834336390499e-01
9.791200184225758996e-01
9.659420387065031921e-01
9.154706376557474323e-01
8.731019546265295084e-01
