1.132621127465879951e+00
1.058188164783976815e+00
1.102465555233468342e+00
1.086899204670410679e+00
1.018868843492034770e+00
9.974002286106146142e-01
9.334727468516273996e-01
9.038361123755713766e-01
8.992403624785741956e-01
9.003803843470972179e-01
9.018070071871140403e-01
8.984867508668226144e-01
8.814133446645219250e-01
9.053180351805220072e-01
9.517942163639154796e-01
9.948476772125197654e-01
1.000018513906874240e+00
9.907457642695760569e-01
9.458953039522486339e-01
8.925084212484417634e-01
