1.172105662293459138e+00
1.095851617306859094e+00
1.135450358695481832e+00
1.153421782116703209e+00
1.108803193530737197e+00
1.075223559573627252e+00
1.003619373853817942e+00
9.508156379545282810e-01
9.441046307232663359e-01
9.432053797065614864e-01
9.442455255125574709e-01
9.450341916887684546e-01
9.295606196883934302e-01
9.285472006953976454e-01
9.612195109256541636e-01
1.008183194725321252e+00
1.026459227163096788e+00
1.014968651638303854e+00
9.857763189069056464e-01
9.227074602324276675e-01
