1.172397435290327916e+00
1.097465999155852190e+00
1.139605143285117972e+00
1.156406132614175020e+00
1.112001984947467825e+00
1.076484220288699944e+00
1.003949460165827645e+00
9.525536229978898151e-01
9.458645419726827708e-01
9.450614068748358632e-01
9.460644883354526469e-01
9.465052900009209846e-01
9.300494232765609270e-01
9.307067825393484650e-01
9.638723260522606973e-01
1.010416521586919192e+00
1.027522691821438627e+00
1.015960357190806462e+00
9.865965751234188064e-01
9.238032347995027704e-01
