1.145254579680005769e+00
1.059819688731584941e+00
1.080223733262441144e+00
1.070570156345075130e+00
9.805865859563356324e-01
9.820902598130958339e-01
9.271283511309260650e-01
9.003767929915059698e-01
8.981079000411128499e-01
9.010584929192912984e-01
9.041530805337139043e-01
9.073570817798760624e-01
9.103371486034468330e-01
9.008892629874754032e-01
9.059481065662676746e-01
9.538960981618841428e-01
1.012572310771188366e+00
1.008968532707532173e+00
9.838759025013350534e-01
9.500222921864276415e-01
