1.369021887975116147e+00
1.233462597322901644e+00
9.764660311862537467e-01
9.604569186744091880e-01
9.532982834472297773e-01
9.470599523351231896e-01
9.421499201429830439e-01
9.387444721978757123e-01
9.368293910126926916e-01
9.362902147675784548e-01
9.369743160269780047e-01
9.387229605537292798e-01
9.413896710528885103e-01
9.448439010660152348e-01
9.489734904913389446e-01
9.536830441603367792e-01
9.589107116500248384e-01
9.646437875832231112e-01
9.708030738291931749e-01
9.764042275312099228e-01
