1.185198755126322556e+00
1.102567437175222764e+00
1.119488637075614079e+00
1.140771627806580035e+00
1.090469202019801687e+00
1.073663729141932865e+00
1.002497809619972591e+00
9.538932346753207225e-01
9.475288882894065123e-01
9.496762707186195973e-01
9.520398470009230341e-01
9.545380620609471567e-01
9.571581222340830308e-01
9.547066642560571026e-01
9.385801111004827835e-01
9.680315463533768483e-01
1.028451722472190966e+00
1.054842491909897095e+00
1.018367457317760127e+00
9.918871249712488680e-01
