1.189506119451896105e+00
1.108203429386355410e+00
1.127048597538081287e+00
1.150491182836918425e+00
1.104655134477410927e+00
1.086045529650340402e+00
1.014612459672561862e+00
9.619616592166323477e-01
9.550404825510846463e-01
9.571013475253807856e-01
9.593754907078048122e-01
9.617771788008637746e-01
9.642859786223696439e-01
9.601090064554752557e-01
9.456708931509547611e-01
9.754360125704435447e-01
1.035050172060014262e+00
1.060606956576581217e+00
1.024003618517828951e+00
9.978954887307627253e-01
