1.165364450131184615e+00
1.077056341342564894e+00
1.077912187028737367e+00
1.081130339331910051e+00
9.865520586539370251e-01
9.876078433083068653e-01
9.327296123175986553e-01
9.106994157916838972e-01
9.112367839139845493e-01
9.153946048007461922e-01
9.196270688792017589e-01
9.239023722022589036e-01
9.282115746571112380e-01
9.325285789116526391e-01
9.329806456842197893e-01
9.227117547695270483e-01
9.650440491211073057e-01
1.028511079373174208e+00
9.728167910254003070e-01
9.530096268042592689e-01
