1.174899741804955600e+00
1.087678842226509790e+00
1.088902703299851726e+00
1.098932730859671247e+00
1.015884383376909561e+00
1.014370241850194088e+00
9.513813649733492417e-01
9.249352106467551016e-01
9.245874968414642403e-01
9.284680226070241016e-01
9.324510572220480187e-01
9.364974146655334897e-01
9.405969680823719203e-01
9.447282838658614956e-01
9.463134079100324891e-01
9.340289060672143373e-01
9.690881138430185171e-01
1.036345188402139073e+00
9.906633971935460137e-01
9.596369436862286495e-01
