1.368896411613083730e+00
1.243189027077684861e+00
9.856202633570173566e-01
9.681864621460414266e-01
9.605681710127274009e-01
9.537749010735248056e-01
9.482367113392493607e-01
9.442012436731469505e-01
9.417002820639893690e-01
9.406395138813902213e-01
9.408699916116801676e-01
9.422284259511221061e-01
9.445597945545333163e-01
9.477257883631493574e-01
9.516065509975654146e-01
9.561009760384822087e-01
9.611420966043708880e-01
9.667113355681397069e-01
9.727143713115732337e-01
9.781731508950572973e-01
