1.188627430820694775e+00
1.103243359506090648e+00
1.104885830875150798e+00
1.124514503707519708e+00
1.058018710522503181e+00
1.051033571845023884e+00
9.806927666348663752e-01
9.457044736527316919e-01
9.436921227368796350e-01
9.471581233207176931e-01
9.507657039289215684e-01
9.545123832126857222e-01
9.584370501052617008e-01
9.622803667251242921e-01
9.643766670789630790e-01
9.524127591125355341e-01
9.757294171481172285e-01
1.044956223977027587e+00
1.018219730812906176e+00
9.698910566109223419e-01
