1.197742178319405326e+00
1.113731235700177180e+00
1.116025879565478274e+00
1.141277665979086420e+00
1.085451183818886278e+00
1.074860742602171237e+00
1.001289530918284543e+00
9.597761748105693158e-01
9.564282375158305038e-01
9.596526075446345505e-01
9.630446779381588440e-01
9.666073690467951174e-01
9.704032513281096728e-01
9.741461142771439263e-01
9.761242729339585367e-01
9.651797541883263554e-01
9.802893639584676633e-01
1.048485025206709720e+00
1.038319571156307131e+00
9.774026252835718021e-01
