1.200458139010132097e+00
1.117801604836649254e+00
1.123179883947286406e+00
1.149010522434549486e+00
1.096980346728630762e+00
1.085103643735751522e+00
1.010571525364568402e+00
9.663770393952045845e-01
9.625047795933570072e-01
9.656320547015285749e-01
9.689357561722393708e-01
9.724288963638030303e-01
9.761683504795630739e-01
9.797512358284313772e-01
9.810320154972146378e-01
9.686000314258776944e-01
9.881347426664074396e-01
1.055748862219930029e+00
1.043559274889563682e+00
9.825709551915751128e-01
