1.153094096100794719e+00
1.061355342566276949e+00
1.054970387822536271e+00
1.037986158506239542e+00
9.060419132155270727e-01
9.087180744534306687e-01
8.792256912942904012e-01
8.770726786575281375e-01
8.829017218421438828e-01
8.887100308909188229e-01
8.943715863617663908e-01
8.998610144864004345e-01
9.050841865934297070e-01
9.101391795779484317e-01
9.148346690323758690e-01
9.177020212176805192e-01
9.113286796851493010e-01
9.568304935858067406e-01
9.570294634254818966e-01
8.733662480072424961e-01
