1.198155583767288368e+00
1.113008587295271745e+00
1.109324484261454913e+00
1.130056934491320053e+00
1.056612525752396614e+00
1.049636620028135070e+00
9.716932099321944349e-01
9.494345117883208340e-01
9.520112599458891989e-01
9.563445050525807289e-01
9.606714130736337953e-01
9.649813687534029016e-01
9.692935102745404707e-01
9.736927993779140866e-01
9.781067183266893839e-01
9.810761369269157539e-01
9.737439603647976005e-01
9.867763813373729986e-01
1.042622382773051193e+00
9.217561683197038613e-01
