1.205733683648510413e+00
1.122012463366026669e+00
1.119791575300467246e+00
1.145187501000827002e+00
1.082118617484701506e+00
1.071702492438753040e+00
9.896432354719556512e-01
9.621929202712607987e-01
9.635623443197536275e-01
9.676275434103078776e-01
9.717145002746760962e-01
9.758073381542978764e-01
9.799279911706291202e-01
9.841494476798836599e-01
9.883799063068849922e-01
9.912776587284600760e-01
9.844574436397729444e-01
9.926690809525268167e-01
1.053793779615739723e+00
9.374193104190432502e-01
