1.208721024111794495e+00
1.125591782012452136e+00
1.123633543324451978e+00
1.151126314165174414e+00
1.092204256804831575e+00
1.080579051371883370e+00
9.979949066831145243e-01
9.674710169535093440e-01
9.681509763167533977e-01
9.721152681230033066e-01
9.761091375408372794e-01
9.801129890803734757e-01
9.841510285959512716e-01
9.882908313188113469e-01
9.924255735078992835e-01
9.952417751446669403e-01
9.884886901171435758e-01
9.952840915638442310e-01
1.057641156860856135e+00
9.444636004736592927e-01
