1.211608178055087359e+00
1.129504132349944401e+00
1.130523289249059316e+00
1.153495339304817069e+00
1.084929199700682023e+00
1.066944344809799716e+00
9.756907702917331227e-01
9.680109115010846477e-01
9.724354565539654605e-01
9.769053562403929858e-01
9.812276535350422657e-01
9.853534312826519592e-01
9.892023000887880668e-01
9.927174577035483560e-01
9.958969870149458892e-01
9.986282454701799205e-01
9.996235268483744107e-01
9.913208929620401788e-01
1.000946373923839783e+00
9.920209795622674243e-01
