1.170073034458968042e+00
1.107012338329857570e+00
1.071283062136445530e+00
1.059248581913735165e+00
1.061365204537867868e+00
1.068430618888256189e+00
1.073358407975837370e+00
1.069984544352303057e+00
1.058628177046592622e+00
1.047531518810607576e+00
1.038134491068617438e+00
1.030525957933492887e+00
1.020564576092374942e+00
1.004495708918337282e+00
9.826453871142658558e-01
9.577665124585820200e-01
9.300166600547525864e-01
9.014729084980135365e-01
8.755311802128206145e-01
8.555177215745627395e-01
