1.173957326347033536e+00
1.108476387887258552e+00
1.070521130031160784e+00
1.056495341319583670e+00
1.057463285340599857e+00
1.064256519218366837e+00
1.069636394169679594e+00
1.067252603415933532e+00
1.055019006545016014e+00
1.042411935551144531e+00
1.031922497496827962e+00
1.024236564040708064e+00
1.015412904680063066e+00
1.000678588139851666e+00
9.795238905705151433e-01
9.550333119177528696e-01
9.272640082701479880e-01
8.984432086184985788e-01
8.722896567403480850e-01
8.522621865222801407e-01
