1.179656536258098853e+00
1.110415796548748890e+00
1.070229865869123609e+00
1.054372301941115309e+00
1.054369770361087255e+00
1.061013277102374364e+00
1.066882392171189631e+00
1.065408242219533896e+00
1.052616965561782747e+00
1.038615427106625244e+00
1.027030662717861365e+00
1.019176085885779015e+00
1.011512350732130638e+00
9.982526417285692011e-01
9.778297846202340660e-01
9.536838742196275254e-01
9.257883649660293424e-01
8.964619812706194901e-01
8.698026728997051427e-01
8.494857210889239507e-01
