1.183104263576996829e+00
1.112095433122959776e+00
1.069345129862587340e+00
1.051577750606596418e+00
1.050512406075726712e+00
1.056930085346328596e+00
1.063314065545831077e+00
1.063276862643329768e+00
1.050905960131868877e+00
1.035395437622029124e+00
1.022306676850244678e+00
1.013713864329396586e+00
1.006931065622519661e+00
9.954265464478589953e-01
9.760885781746502232e-01
9.524530113912096363e-01
9.245106317036343446e-01
8.947069726233208842e-01
8.676396653081177579e-01
8.472112487925813618e-01
