1.415899716572384781e+00
1.232750239704668793e+00
9.714658162348775994e-01
9.669331395069613588e-01
9.667064616526712673e-01
9.676174605709735310e-01
9.685238518817318454e-01
9.694352622167503597e-01
9.703518863335137690e-01
9.712720027247458976e-01
9.721946063843363017e-01
9.731188911533701358e-01
9.740448249168742745e-01
9.749710246944196523e-01
9.759024153222958242e-01
9.768577598768205528e-01
9.731002168258355844e-01
9.708885163554226150e-01
1.022165090360778406e+00
1.031324528745936497e+00
