1.187664428178001552e+00
1.114298642850389820e+00
1.069521678537840081e+00
1.050221610019101526e+00
1.048336840621577615e+00
1.054628520619635079e+00
1.061453269977195468e+00
1.062491869671714939e+00
1.050749770069341560e+00
1.034000179816525034e+00
1.019575356270050470e+00
1.010109166012183479e+00
1.003982656587701250e+00
9.940738380072960956e-01
9.757808302096054875e-01
9.525871375558455645e-01
9.246172675880733882e-01
8.942383060268326300e-01
8.664961533186056331e-01
8.456104451518584586e-01
