1.155436714770230466e+00
1.092826268213337393e+00
1.059233469760173296e+00
1.057058585868706047e+00
1.094153675375257428e+00
1.094652617706301179e+00
1.045486276471560672e+00
9.819570273126161375e-01
9.356298505366631435e-01
9.105743064025655364e-01
9.028196642229933122e-01
9.098438007528842908e-01
9.276858565124703748e-01
9.462058513798402570e-01
9.570000377340415199e-01
9.615805819470012450e-01
9.500242184030081027e-01
9.099483835138308940e-01
8.649472874062964500e-01
8.241523892382637273e-01
