1.163337429888122276e+00
1.098016464515627622e+00
1.061082937506563795e+00
1.057157525909244278e+00
1.114852266727607288e+00
1.135051306128949999e+00
1.083365468312793345e+00
1.007785405721952632e+00
9.541696567527819806e-01
9.153465470200412568e-01
8.908593219044887990e-01
8.812427404577829471e-01
8.905936466651533934e-01
9.144551439796821946e-01
9.401668610115572200e-01
9.529267907644798363e-01
9.576630852836949259e-01
9.360244862529878418e-01
8.843421392257394542e-01
8.355268606786590002e-01
