1.167098409500648248e+00
1.100987956462322614e+00
1.062717169343635248e+00
1.054457941581171010e+00
1.102212206036984998e+00
1.136464714309590507e+00
1.100093788792729343e+00
1.028251201936447368e+00
9.727369869780260192e-01
9.329255941267857732e-01
9.057817853799507990e-01
8.923578959069802252e-01
8.971807434855066932e-01
9.180232750481177595e-01
9.424576745569872571e-01
9.550708594639655269e-01
9.600056596391528529e-01
9.404550287543657072e-01
8.889068155768857782e-01
8.392106862571671044e-01
