1.350725968022664869e+00
1.150237175105731868e+00
8.905351803522905119e-01
8.840119388992427885e-01
8.851961227044146119e-01
8.879110376982841668e-01
8.919396617849599807e-01
8.970943463168956633e-01
9.032043648893818277e-01
9.101243498811952826e-01
9.177329192044445527e-01
9.259554154490496902e-01
9.347013537784533144e-01
9.438654640332094781e-01
9.533841182690142579e-01
9.632061050024723903e-01
9.733118672588909615e-01
9.837028054292343837e-01
9.943971740483129595e-01
1.004459576863048209e+00
