1.169439587074597053e+00
1.102698675271424067e+00
1.063750611755893027e+00
1.054710089312764110e+00
1.102092208211744140e+00
1.141777051515000974e+00
1.108586750326278736e+00
1.036532665686146881e+00
9.804910172040961491e-01
9.396249374993785874e-01
9.099973701898477207e-01
8.931505740268679272e-01
8.938382062622322044e-01
9.123270129379535964e-01
9.380085244347791118e-01
9.531708298825881664e-01
9.587570626872682356e-01
9.443163992915775129e-01
8.930548691197954803e-01
8.418246922902928864e-01
