1.171007054555967652e+00
1.103760602846060479e+00
1.064444956551755084e+00
1.055777837691528553e+00
1.109100822665700647e+00
1.149650329231650892e+00
1.113257914444316210e+00
1.038555850329907049e+00
9.828798935651822388e-01
9.406636603680513797e-01
9.085016393224176756e-01
8.887733422053120114e-01
8.855117169696106183e-01
9.009728318333055652e-01
9.282140176957368594e-01
9.482036058112823795e-01
9.546351877537539998e-01
9.466021891563609625e-01
8.969783133145110554e-01
8.436595654634272412e-01
