1.174044382518178109e+00
1.106001591002807594e+00
1.065711417661164617e+00
1.054633202013327109e+00
1.089859591244168868e+00
1.141609434550815871e+00
1.121931727733329165e+00
1.056374055865654915e+00
1.000113607519684367e+00
9.593530801224205984e-01
9.282194501022019706e-01
9.081314320463479417e-01
9.039825783712641671e-01
9.183171284619404684e-01
9.413738383287520994e-01
9.558000687157578446e-01
9.609263479117863271e-01
9.492551331364524891e-01
8.993166804393885050e-01
8.474330991324949824e-01
