1.162440644072230800e+00
1.091148767796739971e+00
1.047779718230947621e+00
1.035719808622934668e+00
1.087491985032239317e+00
1.101463856236208017e+00
1.032784933050417298e+00
9.613477361562603463e-01
9.102646079946566937e-01
8.658118674658089597e-01
8.587518895267971519e-01
8.556566234265594595e-01
8.488202100050810106e-01
8.601437977468829876e-01
8.887730763311058046e-01
9.336169651211195797e-01
9.663806383769473207e-01
9.677029579728754216e-01
9.514035760730329416e-01
8.896800150982390187e-01
