1.172423873176581477e+00
1.098353761740257450e+00
1.052361213755911962e+00
1.036098555344507233e+00
1.067207176610658559e+00
1.118291810644639117e+00
1.081606517688604052e+00
1.010265407112476588e+00
9.567290499658052116e-01
9.061840968997361134e-01
8.880401405294148232e-01
8.862758607120875265e-01
8.781678662230903987e-01
8.767682526980422608e-01
8.961618461453406681e-01
9.354991993515000548e-01
9.739328944660152754e-01
9.772654974878834944e-01
9.663442213953234994e-01
9.086652242040450522e-01
