1.184232095344688318e+00
1.105255102317102889e+00
1.056724046914466086e+00
1.038590486743311558e+00
1.054917516621131757e+00
1.122202282604134016e+00
1.107735707393155744e+00
1.040987317375654087e+00
9.868427514377757781e-01
9.346599426755390905e-01
9.062075738810683179e-01
9.058311555116863589e-01
8.996284299372657722e-01
8.901669916119382409e-01
9.027399784571583652e-01
9.360772681106488413e-01
9.771704434782760851e-01
9.837711641565833887e-01
9.745338147732621747e-01
9.227271560188182731e-01
