1.189490745008596528e+00
1.108521268366733370e+00
1.049541760043589234e+00
1.023617437708777000e+00
1.024727672815308299e+00
1.079724892494891009e+00
1.090315186605606002e+00
1.040441577279195506e+00
9.923514884077019316e-01
9.323194900758385861e-01
9.117126402323505463e-01
9.166706630162780867e-01
9.222753793746985007e-01
9.238225695700296169e-01
9.171827360973041632e-01
9.214281917425894974e-01
9.609326120739007937e-01
1.019054491801382856e+00
1.003898782744912399e+00
9.770118039254905851e-01
