1.361279962437993429e+00
1.179818992579904080e+00
9.304709468567132769e-01
9.193800695997276229e-01
9.156576701476131230e-01
9.141655982465365371e-01
9.147430835608219013e-01
9.170826838220444976e-01
9.208985100245703492e-01
9.259397748204325485e-01
9.319976215593749336e-01
9.389004829914180394e-01
9.465074509169517647e-01
9.547020877969947250e-01
9.633882193407063976e-01
9.724970006303377268e-01
9.819728976370133422e-01
9.918126261314678116e-01
1.001977046927499782e+00
1.011430433877046786e+00
