1.191853219885664839e+00
1.113235462111726637e+00
1.054660856963193671e+00
1.030011879261925278e+00
1.033582354607517573e+00
1.089921074312630189e+00
1.112843030523970489e+00
1.068987701135670099e+00
1.021199532495767670e+00
9.607381581186803521e-01
9.302329028437025249e-01
9.346180833990036518e-01
9.394273539268884754e-01
9.405055484305351321e-01
9.334314779545689333e-01
9.360058138104291325e-01
9.718552050313701285e-01
1.029158363577956870e+00
1.018249118354458416e+00
9.897637507515473221e-01
