1.181389619665061286e+00
1.101582330724230729e+00
1.034830117641276637e+00
1.003018258987421918e+00
9.991539878898813010e-01
1.038691664209940857e+00
1.027482371996258248e+00
9.851475230617832146e-01
9.430694869344246056e-01
8.899977838621080384e-01
8.942384520118326074e-01
9.020772728057327994e-01
9.101012950924711742e-01
9.177708237204126318e-01
9.230934403520503206e-01
9.211296799308089644e-01
9.285609373986684068e-01
9.873632219293599910e-01
1.012369887626633602e+00
9.333252103933404875e-01
