1.363300551857371534e+00
1.191800072095741569e+00
9.449884364948896165e-01
9.320074207631612317e-01
9.266497180714091675e-01
9.236752769399636520e-01
9.229540080520370893e-01
9.242129117992059495e-01
9.271412148559303734e-01
9.314554173167153284e-01
9.369152528832241922e-01
9.433228424898475462e-01
9.505160574766969850e-01
9.583624154619333479e-01
9.667519817585429331e-01
9.756089497196345217e-01
9.848652662433422522e-01
9.945145929124616924e-01
1.004498465076159919e+00
1.013768848260818256e+00
