1.325722706450533472e+00
1.304024722843825312e+00
1.249684016952063992e+00
1.204430337509106774e+00
1.174872067550178478e+00
1.158741761108683432e+00
1.151500730723442611e+00
1.147338519030299597e+00
1.145507531428097803e+00
1.143891331386848176e+00
1.141164276744980555e+00
1.136587409563942552e+00
1.129818498936641991e+00
1.120758427427578141e+00
1.109661155114193054e+00
1.097534892144310215e+00
1.083683129509688481e+00
1.070340863745621540e+00
1.058302958118815251e+00
1.055110264143984011e+00
