1.372005905674950288e+00
1.321106974079111041e+00
1.256469118333769952e+00
1.206507108087662594e+00
1.174632275279642091e+00
1.156942797184383975e+00
1.148258652339569252e+00
1.143157028568524414e+00
1.140323410099728818e+00
1.137698922782470312e+00
1.134029423541112136e+00
1.128651545780536392e+00
1.121292563128946540e+00
1.111909133747189138e+00
1.100760964265903086e+00
1.088926724499594600e+00
1.075590874202739133e+00
1.063000794717352981e+00
1.051823449843948488e+00
1.049518812383023469e+00
