1.379680230169226363e+00
1.324154619247197129e+00
1.257894858730665755e+00
1.207105574877509913e+00
1.174687755900954533e+00
1.156535177609595344e+00
1.147413384828649630e+00
1.142000234414401572e+00
1.138888711486859551e+00
1.136036534727288494e+00
1.132201204950264328e+00
1.126725389676015876e+00
1.119338961297813961e+00
1.109999508626858589e+00
1.098937599638127871e+00
1.087287344592162253e+00
1.074159758099616724e+00
1.061814084777507272e+00
1.050844011478038631e+00
1.048656522376490763e+00
