1.385755007997440114e+00
1.326383334105514678e+00
1.258862633639276529e+00
1.207422182688665080e+00
1.174570166084676570e+00
1.156048508530879815e+00
1.146586756722803857e+00
1.140936163172877382e+00
1.137613167809379711e+00
1.134588074763627885e+00
1.130625694899091371e+00
1.125073739323852351e+00
1.117665539450505507e+00
1.108360078266355631e+00
1.097361473203561477e+00
1.085855772451093770e+00
1.072912492876981982e+00
1.060737292311279445e+00
1.049925238190378529e+00
1.047811915967230778e+00
