1.391544208932793847e+00
1.329376208130190307e+00
1.260499728522404217e+00
1.208110797852390839e+00
1.174455109126448349e+00
1.155208550848439319e+00
1.145038302743019099e+00
1.138903027194842155e+00
1.135192701945225480e+00
1.131892183816999964e+00
1.127768295100241236e+00
1.122162414254204599e+00
1.114799010033006965e+00
1.105629858571834268e+00
1.094808645592856289e+00
1.083613412977064261e+00
1.071045379282070442e+00
1.059205234444045240e+00
1.048682315605886650e+00
1.046637629856029594e+00
