1.388166226402061110e+00
1.314598972360609519e+00
1.241826716396720931e+00
1.188987831902320380e+00
1.156863780307720413e+00
1.139588397993202662e+00
1.131162182631306967e+00
1.125485908703284688e+00
1.120047866054559860e+00
1.112525747080044924e+00
1.101789588843240963e+00
1.087570424178750716e+00
1.070103470973511772e+00
1.049843515843067454e+00
1.028290903251610322e+00
1.004994509401118341e+00
9.814137306980539321e-01
9.576035827417178625e-01
9.373053713510637319e-01
9.220084242449274603e-01
