1.394372490167365752e+00
1.316069385439470274e+00
1.241546726773465448e+00
1.187688956495419390e+00
1.154858955269287613e+00
1.137002773927580979e+00
1.127991640675188645e+00
1.121872249137833233e+00
1.116006987936606798e+00
1.108093750696584001e+00
1.097027337604797648e+00
1.082562639140672189e+00
1.064953116914759690e+00
1.044662292058813113e+00
1.023190468272265674e+00
1.000064295901933020e+00
9.767162706834727759e-01
9.531851787497044315e-01
9.331838872722432177e-01
9.182011262791849315e-01
