1.244803162834408283e+00
1.242350369951877198e+00
1.199375364805454591e+00
1.166019169133261091e+00
1.151010875558512225e+00
1.150145133711783174e+00
1.156190280311983010e+00
1.161122261864544036e+00
1.157128611180278321e+00
1.143469479591446181e+00
1.123639400614557804e+00
1.100678036712912089e+00
1.076465834682628575e+00
1.048947450122072800e+00
1.016798981427333048e+00
9.822290004017744103e-01
9.443707903601539222e-01
9.042933447025985894e-01
8.651187884337466771e-01
8.308375745582511351e-01
