1.369502466628300663e+00
1.293269469615192069e+00
1.223244348853811836e+00
1.176350522169558488e+00
1.151777329539246164e+00
1.141734142902364191e+00
1.138353527184810865e+00
1.134681350332314320e+00
1.125930182853165817e+00
1.110482308423588860e+00
1.090173975173506449e+00
1.067370219501608375e+00
1.043602730044542071e+00
1.017770104886908555e+00
9.890864189762020864e-01
9.594398303101829839e-01
9.272446355184963407e-01
8.926418788951827610e-01
8.579908953891440815e-01
8.270386141782605227e-01
