1.366401834261749881e+00
1.214391893894452679e+00
9.733984183160544479e-01
9.574502698008537926e-01
9.492978849771888106e-01
9.433973155824901813e-01
9.399915043999808040e-01
9.389509689026468431e-01
9.399702160469680656e-01
9.427176464078933504e-01
9.468928425416477390e-01
9.522430126289431751e-01
9.585601002692264450e-01
9.656741727846014367e-01
9.734464572970328300e-01
9.817836605142383766e-01
9.905944455332286180e-01
9.998600369844722335e-01
1.009468649706037224e+00
1.018373384545133042e+00
