1.327650064777398331e+00
1.263662995245077525e+00
1.205283817587183393e+00
1.172637010538421620e+00
1.162240536917534373e+00
1.167368572301251017e+00
1.177401910438428789e+00
1.162641470220494355e+00
1.121340633668369335e+00
1.066648189506065325e+00
1.021692396990761198e+00
9.911985240135127162e-01
9.744191242835628097e-01
9.667524538345204643e-01
9.642936972640746562e-01
9.636531366695376688e-01
9.539765862028006804e-01
9.190067559099316385e-01
8.692338973953348535e-01
8.186401038581376799e-01
