1.369548155569253467e+00
1.282533696564208903e+00
1.211660000614142696e+00
1.170315213483953176e+00
1.151480427557975972e+00
1.146630642820472445e+00
1.150021314768499892e+00
1.135436182705122032e+00
1.094053978115906656e+00
1.038695236131534472e+00
9.890864219994560669e-01
9.579083765923670502e-01
9.425784569010166036e-01
9.400590535256709845e-01
9.455909818971963698e-01
9.516238456865601103e-01
9.567252268208923383e-01
9.403825971741415213e-01
8.916879353147731946e-01
8.361771564839987070e-01
