1.300728070097864952e+00
1.242797379232743804e+00
1.191430537973670267e+00
1.171604216446345603e+00
1.214775093434770969e+00
1.237267801882964147e+00
1.190233288593220529e+00
1.081465684261458726e+00
9.698928268898288074e-01
8.916263062912787030e-01
8.433838306449660260e-01
8.163842237459971729e-01
8.124160792923810215e-01
8.251790639338576483e-01
8.459538088210926121e-01
8.831170104387854325e-01
9.280975957266074383e-01
9.484829342525813445e-01
9.440779099678816566e-01
8.922888002883599956e-01
