1.325139401709055198e+00
1.256008845935222329e+00
1.197759457275799910e+00
1.170457067442941312e+00
1.189798538433289421e+00
1.217119776809107767e+00
1.183332418076844528e+00
1.089170174579895622e+00
9.819477399658921302e-01
9.056733844035375069e-01
8.578848483466658958e-01
8.290681378634208176e-01
8.218431218069366384e-01
8.331125132689346513e-01
8.514514297143894739e-01
8.856328125892874992e-01
9.313022076089572110e-01
9.544607790514310075e-01
9.514335830207941713e-01
9.041049848539743916e-01
