1.351496985317053756e+00
1.269829111332828386e+00
1.202885315849376413e+00
1.166912900996449398e+00
1.161383169897846956e+00
1.186938758137264571e+00
1.168942516686621191e+00
1.095955028493883709e+00
9.986903963723279265e-01
9.267108195490763034e-01
8.814133180931046363e-01
8.509537896047686401e-01
8.389726301444490053e-01
8.476436410134491339e-01
8.621850030179130098e-01
8.901458982180047164e-01
9.348658602381463290e-01
9.627453689533846948e-01
9.607378592143892559e-01
9.213032662739388812e-01
