1.365259003546195782e+00
1.276863479346280084e+00
1.204635699163004947e+00
1.163456491270796533e+00
1.147929059516794581e+00
1.164187644498801522e+00
1.157243848209321246e+00
1.099513447161935886e+00
1.011558520729207489e+00
9.427219948208512834e-01
9.002809934846528472e-01
8.690192713583075879e-01
8.558682534403834197e-01
8.596830839336762065e-01
8.714852542127664581e-01
8.942623068861826896e-01
9.365862903552031327e-01
9.682022380977897136e-01
9.664695423489371162e-01
9.332839718141549001e-01
