1.369719239526920207e+00
1.278890975127869645e+00
1.204708703122928881e+00
1.161718352533435361e+00
1.143681642899366357e+00
1.155834043762614005e+00
1.152172809354477856e+00
1.098909632809316861e+00
1.014321308878984418e+00
9.472297718938634814e-01
9.061555699151049303e-01
8.749157166238342720e-01
8.627070658527132840e-01
8.644496439139163213e-01
8.751873901961132463e-01
8.956864159340465203e-01
9.365518081191080979e-01
9.699239559796278831e-01
9.683126561057011639e-01
9.379542396348253819e-01
