1.322009119996101489e+00
1.332452653837672862e+00
1.158488725350867554e+00
9.546315518235578557e-01
8.876316152324025266e-01
8.784724628171721728e-01
8.665832288902175495e-01
8.580626957765208340e-01
8.582237506771711599e-01
8.602069025660926682e-01
8.623769229803738279e-01
8.647209489102586355e-01
8.672308804759851775e-01
8.698927114026711038e-01
8.726957512983899434e-01
8.756442793901533239e-01
8.787095302709705402e-01
8.768520020130131654e-01
8.619767544330001474e-01
7.579828784238096251e-01
