1.332172045311208919e+00
1.344189398941230795e+00
1.184192224628814127e+00
9.813556098798977834e-01
9.147700958739567456e-01
9.006901929468916768e-01
8.855665994840674626e-01
8.750280720944956236e-01
8.740837355064261516e-01
8.758600772390670031e-01
8.778813767425354131e-01
8.801150476311835336e-01
8.825527978028074871e-01
8.851792329891833289e-01
8.879807031056462518e-01
8.909629790081308176e-01
8.940930059299082577e-01
8.909615551132228362e-01
8.785671315031433615e-01
7.811616856421893518e-01
