1.339320219669436263e+00
1.351361362725342463e+00
1.200552003643438059e+00
1.000155900156098010e+00
9.350118658859292164e-01
9.161743462527632831e-01
8.985734452603155731e-01
8.865281545971436250e-01
8.848656225200193237e-01
8.865018608849219994e-01
8.884303687748985601e-01
8.906068869635045404e-01
8.930225259139470406e-01
8.956596135882129994e-01
8.985028175491968083e-01
9.015575716486045055e-01
9.047875089951475935e-01
9.012608259978223124e-01
8.892111166990923632e-01
8.009458906447796123e-01
