1.346784264589380609e+00
1.359029180411637672e+00
1.228474553253938062e+00
1.033685356240178432e+00
9.647891542187665426e-01
9.379116308617314601e-01
9.170287924439918248e-01
9.027700509943484830e-01
8.995418078903232306e-01
9.009837243424234643e-01
9.027928563871863155e-01
9.048927299078395325e-01
9.072781003117345033e-01
9.099278001068482613e-01
9.128253846053921983e-01
9.159754890116681425e-01
9.193315141986208028e-01
9.155368085477341156e-01
9.024009000619978016e-01
8.343551649562370720e-01
