1.355177789574337321e+00
1.365471508435858183e+00
1.256602557158475797e+00
1.070869812112501540e+00
9.967174235137118421e-01
9.606030129768620140e-01
9.365126494153254155e-01
9.199168031257420886e-01
9.148888800274934674e-01
9.161159452607986475e-01
9.177997731092680800e-01
9.198265111839689645e-01
9.221933448784420673e-01
9.248776126129182318e-01
9.278591150148272071e-01
9.311452045805694855e-01
9.346583905830504468e-01
9.299444356046953075e-01
9.148405759748616806e-01
8.800911059815265114e-01
