1.314914427828042021e+00
1.333975488935503551e+00
1.184283670635246866e+00
9.852725931970631734e-01
9.244855720346294436e-01
9.014759239746227282e-01
8.813760036557870547e-01
8.745071425905499574e-01
8.751798676168662805e-01
8.761740796040152768e-01
8.773425545903390521e-01
8.786718483948036118e-01
8.801246893738507993e-01
8.816664659574899865e-01
8.832689302120357855e-01
8.849068426761920181e-01
8.865624559716495101e-01
8.882165323328670148e-01
8.897219159814058198e-01
8.777453599286025865e-01
