1.320096931866229895e+00
1.339420896980492381e+00
1.199956904970289173e+00
1.001887619968398146e+00
9.374924186270919835e-01
9.123938786533376533e-01
8.907780732357788445e-01
8.826587856793661757e-01
8.831681005097931081e-01
8.840338026026789420e-01
8.850837745049632277e-01
8.863076591071809007e-01
8.876661054857362121e-01
8.891227916315717072e-01
8.906477189101335012e-01
8.922133426124185807e-01
8.938009456510552786e-01
8.953843666765904930e-01
8.963886420859713544e-01
8.879774877470490990e-01
