1.330127654872208742e+00
1.347081627079226740e+00
1.222086157607751522e+00
1.030013109258085535e+00
9.602941625509537893e-01
9.302093488788961695e-01
9.053844862157800488e-01
8.954638608899380126e-01
8.956488207768540377e-01
8.962965789237119507e-01
8.972000067697682990e-01
8.983460672309652173e-01
8.996871516464816088e-01
9.011789767131936912e-01
9.027828035786231720e-01
9.044622616852215913e-01
9.061936200402329611e-01
9.079273683353489277e-01
9.080759691325076544e-01
9.055816037682359321e-01
