1.331699683041657201e+00
1.348663662204487190e+00
1.231612640649516699e+00
1.040559671470944636e+00
9.664947943873295477e-01
9.359960685284025583e-01
9.105455370370033608e-01
8.997059858890745776e-01
8.998133565940789058e-01
9.003976129650130833e-01
9.012325258346040036e-01
9.023091136622108932e-01
9.035804799647803032e-01
9.050032672681844748e-01
9.065388567669638853e-01
9.081518793489027352e-01
9.098188840008497591e-01
9.114864060863737683e-01
9.112777594910248524e-01
9.097233287227560750e-01
