1.294589310529626225e+00
1.316172222319648810e+00
1.153371676481992125e+00
9.630364672992847153e-01
9.128104047981513425e-01
8.846752143168145066e-01
8.659207530267135633e-01
8.659107077586167822e-01
8.665088989489303506e-01
8.672901860037121047e-01
8.682783363168001811e-01
8.694336128449577927e-01
8.707287175108994193e-01
8.721496071441877662e-01
8.736966724644110727e-01
8.753837618630430084e-01
8.772361385760980568e-01
8.792896840620074705e-01
8.815921910377967352e-01
8.841899006920828086e-01
