1.303149481668534726e+00
1.324404764797141976e+00
1.177967571644944034e+00
9.888493296060227866e-01
9.311219179525949130e-01
8.992286464412538871e-01
8.771685910907287553e-01
8.767780057948363348e-01
8.771194589905746408e-01
8.776940256409572205e-01
8.785234543759686821e-01
8.795551362112868921e-01
8.807468370629878418e-01
8.820689754244940284e-01
8.835068983667602183e-01
8.850594342752322596e-01
8.867410564828989150e-01
8.885792405790307047e-01
8.906181396139065676e-01
8.929092091478864068e-01
