1.306076462335434396e+00
1.326927717431393150e+00
1.186946560351006319e+00
9.985357675102427555e-01
9.377233387288583799e-01
9.044815917059854105e-01
8.811355116923028641e-01
8.805959530404277036e-01
8.808379956723890736e-01
8.813331254346465915e-01
8.821038764443344116e-01
8.830931946042023251e-01
8.842536158978977490e-01
8.855501233864534472e-01
8.869627065703924451e-01
8.884848035498609242e-01
8.901253824833526007e-01
8.919075789779630226e-01
8.938736093530494919e-01
8.960751974034788514e-01
