1.284723160358503868e+00
1.291757093186665983e+00
1.073160296580570883e+00
9.136367632300907982e-01
8.830386731262320765e-01
8.547973713486112235e-01
8.499451095926634503e-01
8.503456754743088375e-01
8.509978531759773146e-01
8.518626704928216054e-01
8.529455879408481822e-01
8.542650826122722973e-01
8.558724196099887216e-01
8.578451596391273304e-01
8.602746092993548421e-01
8.632514367266064248e-01
8.668513161322731753e-01
8.711261898791767821e-01
8.761036868283950119e-01
8.818141751089115798e-01
