1.295151037969880736e+00
1.309257997426906073e+00
1.124510026283755959e+00
9.559025787159539655e-01
9.103406367013029410e-01
8.760984142338128500e-01
8.670164653469379923e-01
8.669731445705400885e-01
8.673932946038708236e-01
8.681150436173011853e-01
8.691017568232606294e-01
8.703114647235450363e-01
8.717353734698540801e-01
8.734007688053843088e-01
8.753694449963586033e-01
8.777268657247829786e-01
8.805706240432918941e-01
8.839925066153142552e-01
8.880726764820011665e-01
8.928800442559432504e-01
