1.296595049596066085e+00
1.312602889244387505e+00
1.139220768282431351e+00
9.669213547955841648e-01
9.173472036750126568e-01
8.819323171089097357e-01
8.713505681994766494e-01
8.711817150765694961e-01
8.715230080685266723e-01
8.721782841133398634e-01
8.731113060433283168e-01
8.742725694522008872e-01
8.756443729786818064e-01
8.772441728288692397e-01
8.791238032514780976e-01
8.813620080550839120e-01
8.840536480886649340e-01
8.872927527952001459e-01
8.911651619715063033e-01
8.957469320516391331e-01
