1.270252515018115425e+00
1.249702634168068371e+00
9.994279012504345694e-01
8.846474459614449559e-01
8.530585597211248761e-01
8.313719896127909070e-01
8.310382812040036926e-01
8.311991542904209052e-01
8.314519056451075141e-01
8.319748828255408846e-01
8.329524599026746357e-01
8.346286908773464797e-01
8.372479301284010411e-01
8.409952894065048090e-01
8.459634369341798577e-01
8.521575004432343503e-01
8.595191419184815551e-01
8.679534804455724117e-01
8.773457839681254589e-01
8.876864992926075670e-01
