1.355280420913703487e+00
1.312523045811966549e+00
1.064896478717754391e+00
1.040724061221891539e+00
9.973131233670716744e-01
9.925086254233771443e-01
9.937852773983466559e-01
9.950625227062960265e-01
9.963367250097862060e-01
9.976124787425817431e-01
9.988887563295887340e-01
1.000180905224533401e+00
1.001437622718067244e+00
9.901101781547033687e-01
1.000490310148157036e+00
1.029695348608771432e+00
1.044146999590222835e+00
1.033589701897012381e+00
1.062156295504395720e+00
1.084911743311812504e+00
