1.284885769283940826e+00
1.282106019623513227e+00
1.058912058029463532e+00
9.244582797716026645e-01
8.829448736342316861e-01
8.537053025854861588e-01
8.530551145705757010e-01
8.532903222110670427e-01
8.537206695456677208e-01
8.543694793928068298e-01
8.552287083989271732e-01
8.563858565664557165e-01
8.580250601032616276e-01
8.603860382011803143e-01
8.637002333701220280e-01
8.681307848185201292e-01
8.737518159146621111e-01
8.805549587684685653e-01
8.884769604629471074e-01
8.974769019742963039e-01
