1.289529286399979657e+00
1.291824447749074345e+00
1.082610224727423187e+00
9.390612328175081958e-01
8.939220825503532142e-01
8.613497672149519335e-01
8.604777998735991806e-01
8.606732603027609230e-01
8.611512688689186845e-01
8.619050990001664303e-01
8.628688892965614698e-01
8.640634128732153085e-01
8.656097687060537726e-01
8.677133135345528325e-01
8.706130803778462379e-01
8.745153997965963155e-01
8.795498545541814428e-01
8.857581878156788324e-01
8.931136099244246784e-01
9.015905103829542355e-01
