1.291217532145903402e+00
1.295053555169246362e+00
1.091593811230104016e+00
9.444352619301080720e-01
8.979771822598219266e-01
8.640953804807476324e-01
8.631141634220688141e-01
8.632736426800800000e-01
8.637541199112065415e-01
8.645396250115672254e-01
8.655464242304694578e-01
8.667698266624317416e-01
8.683064730902145811e-01
8.703425570121235966e-01
8.731130086593069661e-01
8.768353433093358795e-01
8.816593066238715970e-01
8.876470239578546639e-01
8.947882995067270029e-01
9.030653987330734545e-01
