1.279832289058203454e+00
1.245820923058400753e+00
1.221364009216779678e+00
1.155882159390158925e+00
1.025483333210356340e+00
9.156615353268202639e-01
9.358273583723485389e-01
9.133091754076503310e-01
9.003665386627326406e-01
8.919458680893418423e-01
8.872186962128776333e-01
8.882292064495610484e-01
8.921618081428321911e-01
8.964044135511868294e-01
9.002414042924731241e-01
8.800038441455111382e-01
8.799111617481305547e-01
8.716976654651645839e-01
8.246741882864619955e-01
8.354436966486746829e-01
