1.294142102682165785e+00
1.267813873887428278e+00
1.247997915076933584e+00
1.202365925619263365e+00
1.093256683160044318e+00
9.930662626736561638e-01
1.015884526707692803e+00
9.692513548210377472e-01
9.415103219014632208e-01
9.292351496658868282e-01
9.216081866763665698e-01
9.201112210511747103e-01
9.234726504232085853e-01
9.272341267493334760e-01
9.311071237097638953e-01
9.132415386928032230e-01
8.919871478387177977e-01
8.998356890634517935e-01
8.558786707139386385e-01
8.544198109782478179e-01
