1.358201095535300773e+00
1.319180032734013075e+00
1.081566217155502274e+00
1.065796932351366078e+00
1.012210528281518584e+00
1.006939682873911668e+00
1.008113936569660085e+00
1.009294055925354705e+00
1.010475247448542335e+00
1.011662551714839431e+00
1.012854979920187581e+00
1.014061184617338185e+00
1.015256254482637344e+00
1.004344000541686821e+00
1.014278663580497675e+00
1.041796407036187588e+00
1.060222249040075670e+00
1.044260673758247382e+00
1.066225558834477116e+00
1.090237987446865731e+00
