1.301940887177618800e+00
1.279625602306718068e+00
1.262045298594511866e+00
1.227170248326369117e+00
1.133912493838680424e+00
1.040538736992019153e+00
1.057918707011694215e+00
1.005852932941883049e+00
9.663521557858090194e-01
9.519660788622612557e-01
9.427465981694778119e-01
9.390748068657905900e-01
9.421620934460843699e-01
9.457111198085896842e-01
9.494259207382795829e-01
9.345882337104149951e-01
9.004800754847620547e-01
9.128538652810035403e-01
8.768419198127715974e-01
8.667742021012208031e-01
