1.270903609842486848e+00
1.258928251565085255e+00
1.249907427498398338e+00
1.213963874641442509e+00
1.102626001973641134e+00
9.965495429922038850e-01
1.002772330318698391e+00
9.517459053027276239e-01
9.328114626617987071e-01
9.188250429025652810e-01
9.154812698924760239e-01
9.184136428786668915e-01
9.216481668124117954e-01
9.250616804352699285e-01
9.286965498049916112e-01
9.323859818469301119e-01
9.167819258728853171e-01
8.971287120672517545e-01
8.791670803619062724e-01
8.046063580172309049e-01
