1.277082653200625861e+00
1.264965003259390208e+00
1.256365736390987919e+00
1.222906796836513710e+00
1.115827260482474603e+00
1.017308697655521676e+00
1.020447421676744737e+00
9.624471078004114277e-01
9.420646632196435499e-01
9.271695794464315243e-01
9.235582009070761877e-01
9.263430829614325290e-01
9.294725753339350138e-01
9.328217830136116273e-01
9.364275435354429966e-01
9.401384211232184374e-01
9.259174079291422332e-01
9.009149966361705841e-01
8.926521394278879029e-01
8.150274261354141236e-01
