1.281759000957042982e+00
1.269366412911759223e+00
1.261952498737519246e+00
1.234787094844026267e+00
1.137340293548844361e+00
1.038362726910336820e+00
1.040275000734535826e+00
9.747102722979428258e-01
9.542328779345371492e-01
9.383168414623261899e-01
9.327534024506529686e-01
9.353716385225657737e-01
9.383741439987068889e-01
9.415862213732782982e-01
9.450529208310894935e-01
9.486221648988931721e-01
9.339261977010012705e-01
9.061982508120560720e-01
9.035414926042100170e-01
8.261618929042519044e-01
