1.289086913417967217e+00
1.276400451079218623e+00
1.269757054115139727e+00
1.247399598475438687e+00
1.159048273484010849e+00
1.065559051502462884e+00
1.063749637325897890e+00
9.911075115365112209e-01
9.680173631324479055e-01
9.509034267807355834e-01
9.439344577185404539e-01
9.463098250130833611e-01
9.491200490344136043e-01
9.521604301493877820e-01
9.554776723860680665e-01
9.589249101305381551e-01
9.451251995572443887e-01
9.144592914834667186e-01
9.181617286135893563e-01
8.436015475566172039e-01
