1.291822743367512460e+00
1.279087788390699476e+00
1.272616395940183720e+00
1.251617908154732062e+00
1.166301263503136454e+00
1.075516497940582017e+00
1.071960850224167761e+00
9.971933188145108984e-01
9.727743750055316552e-01
9.552853283753374170e-01
9.478924849194156899e-01
9.501835929044394335e-01
9.529307856017880107e-01
9.559204567323263957e-01
9.591998412685778241e-01
9.626225208135048561e-01
9.493074402440786486e-01
9.176957820774019892e-01
9.228943846735805367e-01
8.513604225352862098e-01
