1.293773801583391725e+00
1.281081248921093207e+00
1.274713886177784250e+00
1.254988138117018703e+00
1.172606403482246762e+00
1.082587309776952944e+00
1.078381195188787167e+00
1.003813589533451012e+00
9.770535682814462941e-01
9.592715476734919866e-01
9.511320069334356919e-01
9.533433118943738238e-01
9.560247779767264698e-01
9.589452667868345603e-01
9.621484972460428997e-01
9.650592867623247750e-01
9.515232750928456218e-01
9.197544899391637552e-01
9.259103438096568661e-01
8.565353384124880787e-01
