1.241653642148848657e+00
1.231563107252851896e+00
1.229834326061081118e+00
1.178844269726945893e+00
1.036824025646126746e+00
9.303797991170288384e-01
9.236089158341437289e-01
9.022143745986358487e-01
8.855945316412209278e-01
8.811521574756389086e-01
8.836924715644921546e-01
8.862944955531127933e-01
8.888022640173918187e-01
8.911996212842701048e-01
8.934388141010073392e-01
8.955042239383811387e-01
8.972424995318175611e-01
8.880460783318453455e-01
8.787564695912438717e-01
7.735115629616011734e-01
