1.272168627888898396e+00
1.256303123029520741e+00
1.258857450352651952e+00
1.235327645381827821e+00
1.128414963493442613e+00
1.033960658285700163e+00
1.006883159628385149e+00
9.587046185039040935e-01
9.347631622247105643e-01
9.223879388581046612e-01
9.239456716826812688e-01
9.258969292511257665e-01
9.279054750621137382e-01
9.299788556475048207e-01
9.320630365837436759e-01
9.341319774499428075e-01
9.360181485782278488e-01
9.235103639669457465e-01
9.102172263675925024e-01
8.498058399533903184e-01
