1.359263573969987871e+00
1.333421425604028432e+00
1.116312295467691396e+00
1.100163538625995141e+00
1.034126864802359602e+00
1.027255501156867590e+00
1.028284985739715607e+00
1.029326811220351079e+00
1.030370409473940541e+00
1.031422343754666349e+00
1.032481091069226364e+00
1.033552550884486276e+00
1.034623621979068986e+00
1.026857424607795277e+00
1.033868350321103025e+00
1.059347267557935179e+00
1.083548107838678831e+00
1.062753875249514035e+00
1.073656293546489504e+00
1.098448582866766721e+00
