1.276271397599129109e+00
1.259532396802352849e+00
1.262578041831218911e+00
1.242673153587733559e+00
1.142010185177031012e+00
1.048229770345101119e+00
1.019838260623606718e+00
9.669386135808843985e-01
9.423496562794387854e-01
9.284947730378850794e-01
9.298938575456433542e-01
9.317315359477320591e-01
9.336359476666341584e-01
9.356212173310766156e-01
9.376347657085214449e-01
9.396474110395003354e-01
9.412494651693816827e-01
9.285650359024342215e-01
9.144374472799366993e-01
8.634054300371574175e-01
