1.279257597828109549e+00
1.262653587490465634e+00
1.265644200846379297e+00
1.246621234140768308e+00
1.148469911396131415e+00
1.058913321482065850e+00
1.026292722768393784e+00
9.715219040475405743e-01
9.464105452880685609e-01
9.322497506753617547e-01
9.335445981958526707e-01
9.353127281165822815e-01
9.371785349135804966e-01
9.391555176894422763e-01
9.411902110221493922e-01
9.432458473537852495e-01
9.445632308289102497e-01
9.322870746939210251e-01
9.173317140721047869e-01
8.750402494388244135e-01
