1.283585354255318833e+00
1.266892259466741777e+00
1.270029148496621740e+00
1.253998807601732324e+00
1.162397783505742410e+00
1.073665605491103792e+00
1.040792618747661935e+00
9.807098335017375712e-01
9.550602760548366765e-01
9.391897677060666583e-01
9.403038061629416244e-01
9.419337340648624712e-01
9.436630648090608142e-01
9.455133241053862436e-01
9.474354078267234192e-01
9.493789363568880812e-01
9.495631599831474423e-01
9.370329467620944763e-01
9.215695491388984362e-01
8.896299560718050614e-01
