1.234724158601872901e+00
1.221571599947169906e+00
1.229639008209808093e+00
1.174473483266621932e+00
1.019679923408916222e+00
9.371050173713846299e-01
9.116933305027148382e-01
8.888968613832174404e-01
8.752823175699020464e-01
8.767075569591702422e-01
8.782233406899051520e-01
8.794560391238328556e-01
8.804284973248601709e-01
8.811148133068750221e-01
8.815109224029777923e-01
8.816465730771171350e-01
8.815926130833426910e-01
8.814383042174864791e-01
8.822099160394034634e-01
8.633434473613559312e-01
