1.253842238391771780e+00
1.235171902457361526e+00
1.246413035390657065e+00
1.213221962435741208e+00
1.078864775723650471e+00
9.940300859203736739e-01
9.473106992155559958e-01
9.200595728364279191e-01
8.992447786658125386e-01
8.999140686094233565e-01
9.009313708117050457e-01
9.017442808806743759e-01
9.023872084133097715e-01
9.028096584716207573e-01
9.029734715993352756e-01
9.028659527837895604e-01
9.025154426246682071e-01
9.019397523720545928e-01
9.000468435291565372e-01
8.905482329751375214e-01
