1.263946147448132162e+00
1.244298943819118097e+00
1.255960755097260906e+00
1.229599241726603509e+00
1.105785226368961816e+00
1.027283344096562079e+00
9.653934243798246717e-01
9.358490165929205240e-01
9.120654624151450784e-01
9.122897546142312297e-01
9.130122035547364456e-01
9.136133469089119385e-01
9.141293820166457307e-01
9.144968333752513390e-01
9.146596433906466483e-01
9.145823164297858243e-01
9.142582138492116872e-01
9.132984562514899762e-01
9.103034352092687076e-01
9.053776205675054811e-01
