1.359937604170516456e+00
1.338054866227935236e+00
1.128502877921240266e+00
1.112178686187935472e+00
1.041864219465163277e+00
1.034453392222599799e+00
1.035439224091815991e+00
1.036440202220093143e+00
1.037442901654312077e+00
1.038454839325059886e+00
1.039474349227746952e+00
1.040506446154732867e+00
1.041541080266953134e+00
1.034991673672224222e+00
1.040508722855511436e+00
1.065223659182843452e+00
1.091953381395405653e+00
1.070337369542113670e+00
1.076405525288369747e+00
1.101341323037477560e+00
