1.249695600954052743e+00
1.228141350761088990e+00
1.247494859122932898e+00
1.209924847911095114e+00
1.067444825921144202e+00
9.937749546518424015e-01
9.386682129071151071e-01
9.045932066827249152e-01
8.962343219404016459e-01
8.960861085927260827e-01
8.959302170137851684e-01
8.956734800260341967e-01
8.953392175324141888e-01
8.949468049845794582e-01
8.945535396859732868e-01
8.942613449470286913e-01
8.942148239919319730e-01
8.945962243536892400e-01
8.957616169157859298e-01
8.974142941214183766e-01
