1.253866289707826764e+00
1.231781453224627398e+00
1.251180550902008415e+00
1.217317144914353833e+00
1.079835543429499278e+00
1.005137335695691636e+00
9.455319329847277077e-01
9.103091452662745997e-01
9.008894873740296294e-01
9.005388877596386399e-01
9.002472020927596574e-01
8.998954194190669220e-01
8.995009162339399067e-01
8.990687921797193560e-01
8.986392703187393582e-01
8.982945171154271824e-01
8.981614365378008946e-01
8.984237769940938145e-01
8.994339281988934509e-01
9.008147451675220241e-01
