1.257571454369042385e+00
1.234371235350482099e+00
1.254029273884960327e+00
1.225169253966353677e+00
1.093140457485124006e+00
1.016675029749888992e+00
9.527007952475842201e-01
9.166646215318340341e-01
9.056631988850414317e-01
9.050996619356244111e-01
9.046454669695972450e-01
9.041446026093523658e-01
9.036184395324651231e-01
9.030668237956850364e-01
9.025228299860600378e-01
9.020593903026516980e-01
9.017922066317343166e-01
9.019508387528931692e-01
9.027599693787421442e-01
9.038825531079200948e-01
