1.260520636830735342e+00
1.236749552875907376e+00
1.256444095266517902e+00
1.230743249715049226e+00
1.102983738965639393e+00
1.025494423114760467e+00
9.580893784866630902e-01
9.213998234560284439e-01
9.093431249627494939e-01
9.086109280936833787e-01
9.080309142442051229e-01
9.074239335131641937e-01
9.068108147251667805e-01
9.061868562935904148e-01
9.055775608289087231e-01
9.050447388353748401e-01
9.047024695897357693e-01
9.047837728867229590e-01
9.054511527161342999e-01
9.063814944658417083e-01
