9.866607517479927258e-01
9.743576422381439173e-01
9.909015393144166017e-01
9.568032081720768689e-01
8.628304532864877752e-01
8.418287691550545571e-01
8.538124876828677712e-01
8.180255036373004218e-01
8.141492100429771339e-01
8.127743886660894201e-01
8.127731592299649588e-01
8.058708896730032434e-01
8.016801486046282177e-01
8.244986670563002606e-01
8.701500395909121943e-01
9.028595876830919353e-01
9.003377779240587797e-01
8.855950161638471707e-01
8.671494344372843166e-01
8.290385463541815048e-01
