1.046888963620638213e+00
1.013031910917682410e+00
1.043000668066120351e+00
1.050144479647741269e+00
1.003795876751961469e+00
9.902011501593904752e-01
9.566209449105441687e-01
8.972205270132125321e-01
8.734518534655514310e-01
8.686157574548550864e-01
8.659195190853238300e-01
8.636728004479765630e-01
8.483093810560657921e-01
8.394363642261902791e-01
8.752579513671676636e-01
9.136243363261991046e-01
9.188257828324701837e-01
9.025874983796029483e-01
8.874467322958775606e-01
8.560095454562933748e-01
