1.058483608739413606e+00
1.023010424562412535e+00
1.053835501070872205e+00
1.065519271524548950e+00
1.027315047021842176e+00
1.013035628584360026e+00
9.740215848948903243e-01
9.113751717050089241e-01
8.842612565128228352e-01
8.788789552659952431e-01
8.757754807727964330e-01
8.738958375895059527e-01
8.591754455002063029e-01
8.452010653517442185e-01
8.755509446211413582e-01
9.146914926607447871e-01
9.226210769371595566e-01
9.058360622237454640e-01
8.909909598995884306e-01
8.615122437646959286e-01
