1.018466728603487859e+00
9.680049097718637086e-01
9.885302053421081148e-01
9.737494653787116539e-01
8.893193667108175715e-01
8.374896393611798162e-01
8.694038843091216329e-01
8.321242913344457648e-01
8.293314957477870841e-01
8.273957160737900329e-01
8.294926914513608418e-01
8.341307295024257273e-01
8.375254395098280513e-01
8.323124530878486249e-01
8.367046066406014226e-01
8.838485872199148830e-01
9.274992868908955579e-01
9.105502218046989116e-01
8.797216286818793085e-01
8.670200413580739784e-01
