1.099370517277009185e+00
1.043766180214438233e+00
1.063870188088746449e+00
1.082126772183386265e+00
1.056272566682279201e+00
1.040731365716466517e+00
1.010510806847992882e+00
9.375014327547870341e-01
9.106673725098183292e-01
9.033295950981639066e-01
8.998536057188251114e-01
9.029460396444816128e-01
9.062226611771246887e-01
9.022271989363818134e-01
8.887286797571539720e-01
8.953589105942020288e-01
9.436617068108743567e-01
9.565234058711342691e-01
9.187588313117434069e-01
9.029798055167770343e-01
