1.103983492825547863e+00
1.049101207137748126e+00
1.070219872793740867e+00
1.089231276769142998e+00
1.065870072995306339e+00
1.052486789829895075e+00
1.016894328332713870e+00
9.418304356688156354e-01
9.153923449045332505e-01
9.078708340522358977e-01
9.043072610902384012e-01
9.073442505496176480e-01
9.106702693957405836e-01
9.076139792824957642e-01
8.938349603358104467e-01
8.950755250871412771e-01
9.423403658036570985e-01
9.590976125130238339e-01
9.214476595176085416e-01
9.049632385705175253e-01
