1.082777903029172428e+00
1.019529389504819861e+00
1.028683678331398621e+00
1.037255981919741998e+00
9.820674051670472693e-01
9.540698670108194168e-01
9.431279434658883520e-01
8.859954514195808040e-01
8.784616434422273246e-01
8.728974375836771049e-01
8.774206450255014333e-01
8.823453078523894044e-01
8.874106557186078881e-01
8.925926676696062101e-01
8.930953755769345248e-01
8.876388343451107055e-01
9.114393594878854588e-01
9.604126323351661609e-01
9.033748074967546948e-01
8.580628713253382056e-01
