1.120381797059629037e+00
1.060166999130463861e+00
1.071297550145603683e+00
1.091590312815193808e+00
1.064254057353514415e+00
1.050848851863100286e+00
1.012164403687356051e+00
9.313749856836633922e-01
9.193402644304882187e-01
9.113206126108520655e-01
9.132841306756559474e-01
9.173135234188404263e-01
9.215720106196179096e-01
9.257572831350020515e-01
9.273335368670129197e-01
9.186412876779648240e-01
9.164386937528256061e-01
9.703820748617247860e-01
9.511826238004269518e-01
8.861278388017730379e-01
