1.121985163848337574e+00
1.062411132371089195e+00
1.074772735437203863e+00
1.095148180236356517e+00
1.068737352331349699e+00
1.056436964420199853e+00
1.015422520702488729e+00
9.340181626002515003e-01
9.216569044639856267e-01
9.135316565472249017e-01
9.154784356038918602e-01
9.194409529715683593e-01
9.236281603463435408e-01
9.275445376572555300e-01
9.289571861545659059e-01
9.198934419033077958e-01
9.180560652595871618e-01
9.715037988595318641e-01
9.535240027760475412e-01
8.882278911649195141e-01
