1.067719762787009197e+00
1.001270880570749755e+00
1.006665681164665482e+00
1.002100258603257021e+00
9.166351199451342469e-01
8.798992139410573010e-01
8.782078992555758523e-01
8.566110240664596143e-01
8.507377105240238047e-01
8.540009729791507853e-01
8.603535798339131402e-01
8.667226090944633032e-01
8.730485855409099161e-01
8.793047284024999577e-01
8.854396842440421800e-01
8.894105132863702190e-01
8.915436909586437197e-01
9.284480692043952654e-01
8.984574873924927596e-01
7.780988826553087989e-01
