1.100448546368393732e+00
1.035144675198303998e+00
1.037677654102588720e+00
1.049580645292288450e+00
9.912703585822498775e-01
9.640256911812548068e-01
9.381885727235013128e-01
8.934840954926185352e-01
8.841476894687849697e-01
8.833350290017231154e-01
8.887574906700588251e-01
8.943186193858834176e-01
8.999030720683364182e-01
9.054958580343575036e-01
9.110434884878253481e-01
9.142972230489753160e-01
9.114461170956196234e-01
9.349106650768479465e-01
9.417192458977617919e-01
8.048913478655965736e-01
