1.109366391430204324e+00
1.044985014171685878e+00
1.048747110562884721e+00
1.063299988463277224e+00
1.011655886520686387e+00
9.915468045880854175e-01
9.535872332772616922e-01
9.038753847395987195e-01
8.937200556222563153e-01
8.921958245569291401e-01
8.973131300200029026e-01
9.026139052377155636e-01
9.079494812420051408e-01
9.133769680328274188e-01
9.187700648045522556e-01
9.218689822248973265e-01
9.181920607158741143e-01
9.350775742551638015e-01
9.544474786484229423e-01
8.160986348848452421e-01
