1.116353407469122150e+00
1.052799041838414773e+00
1.057804555036713889e+00
1.074264515184199409e+00
1.027890919727666219e+00
1.012253856898570836e+00
9.653800640661238663e-01
9.119733941783133568e-01
9.012135841676013337e-01
8.991237834207308488e-01
9.039423233123445867e-01
9.090004009413096275e-01
9.142148258491387125e-01
9.195719166452731574e-01
9.247082824140590018e-01
9.278075837435203477e-01
9.237699845432371104e-01
9.347179114911046138e-01
9.635413884984910249e-01
8.268002266255084498e-01
