1.122523657112399320e+00
1.059665099946156541e+00
1.065236648375809558e+00
1.083809885509642523e+00
1.042651350556309531e+00
1.028278381096326299e+00
9.774543848676987556e-01
9.191885790007195967e-01
9.080812376580609246e-01
9.051742107577189778e-01
9.097970601219270703e-01
9.146921019811427023e-01
9.197680102006825509e-01
9.249975230874577514e-01
9.299377646963825628e-01
9.329970923991782739e-01
9.287260717111054387e-01
9.349555704281830026e-01
9.704150963500244309e-01
8.373277040969792084e-01
