1.132605493171529476e+00
1.070819354074299845e+00
1.076537864487965290e+00
1.098996434328715299e+00
1.066996100576789619e+00
1.052060578160100679e+00
1.000325130161059839e+00
9.313759699773896950e-01
9.200576316760703532e-01
9.153825072777912464e-01
9.197013075371340829e-01
9.243253914984871367e-01
9.291285022440244346e-01
9.340715916083381920e-01
9.387143721979335220e-01
9.415833785780313159e-01
9.369432577719379873e-01
9.373598535597822412e-01
9.799265706089910211e-01
8.575681977782630971e-01
