1.081070669882079116e+00
1.014795315462187375e+00
1.021948619562595528e+00
1.013631159448199037e+00
9.177863972369211254e-01
9.111908797821937078e-01
8.700415250241075871e-01
8.622852744661464452e-01
8.591419118054408610e-01
8.658776196348916265e-01
8.726212594161333325e-01
8.791416884200005111e-01
8.853907267895861910e-01
8.912780396834033558e-01
8.967076068549373336e-01
9.015724588998914601e-01
9.049930817060527488e-01
9.086267001367496210e-01
9.313739852456263124e-01
7.874832922323702356e-01
