1.097071753659452531e+00
1.031536613865728924e+00
1.038231066113334489e+00
1.039192271325184214e+00
9.563887262151430368e-01
9.495073352566280045e-01
8.905737939809132975e-01
8.793856956283787607e-01
8.735068751858802161e-01
8.796686963083729660e-01
8.859412698664181907e-01
8.920522867698491565e-01
8.979626043562674020e-01
9.035838451755127121e-01
9.088209174794644740e-01
9.135654414427742953e-01
9.166785354324382684e-01
9.179200445718900259e-01
9.385374364470235875e-01
8.114186359079178512e-01
