1.109392901283514643e+00
1.044624581995196255e+00
1.050546575251258163e+00
1.058952714608171197e+00
9.881618016401930715e-01
9.778646171595880565e-01
9.130634038667789776e-01
8.932585350637632926e-01
8.847126880863086518e-01
8.904145709934188080e-01
8.963103392584798046e-01
9.020085073256146613e-01
9.075645533584724145e-01
9.129432670594197496e-01
9.180977445423011973e-01
9.227210483215090298e-01
9.255099471593610794e-01
9.253060030346473841e-01
9.428418590633139695e-01
8.332729475668799735e-01
