1.134651279920464884e+00
1.072796814381856256e+00
1.080838218853818589e+00
1.100628050888482257e+00
1.054537315306164125e+00
1.041868906691387986e+00
9.603697142954604749e-01
9.237800982757566892e-01
9.101643054027297453e-01
9.142478300205342245e-01
9.191706971167729057e-01
9.240725906504968501e-01
9.289529150733617513e-01
9.337760695155294943e-01
9.384775343725916263e-01
9.427240085021745264e-01
9.452730652360236130e-01
9.431163740085090064e-01
9.498136378071165842e-01
9.035347180431811953e-01
