1.138332492529930073e+00
1.077020056606040166e+00
1.085630097771447922e+00
1.106858554919809112e+00
1.064448833833698593e+00
1.051328525362616784e+00
9.676098503985892663e-01
9.284063556023107733e-01
9.142854041081145411e-01
9.178637378197891383e-01
9.226361883500463490e-01
9.274108130847957820e-01
9.321820159468006128e-01
9.369141806047383003e-01
9.415344018291448291e-01
9.456995182468080907e-01
9.481897120043571991e-01
9.458852416101430904e-01
9.514883429088131228e-01
9.167566559547729588e-01
