1.137057565757996436e+00
1.076510787517556800e+00
1.087159131042751525e+00
1.106734770264277579e+00
1.063102208961338002e+00
1.050949090679238696e+00
9.647625832995968542e-01
9.275825673099262758e-01
9.135170372183205600e-01
9.175117083978917565e-01
9.222509851785279933e-01
9.269995117893526926e-01
9.317616447224714715e-01
9.364974652932444021e-01
9.411199379878515403e-01
9.452484411883096405e-01
9.476310688526530246e-01
9.452833996687203255e-01
9.516426349801668794e-01
9.136478042236815256e-01
