1.101563723636890035e+00
1.033191045782518636e+00
9.964881041642343895e-01
9.829616591190801778e-01
9.828386391932946164e-01
9.881203261283183492e-01
9.925125809164984103e-01
9.941802846812677341e-01
9.936525716349545734e-01
9.902027082454828433e-01
9.844751009691683485e-01
9.753593732908673042e-01
9.609310043893644071e-01
9.409600010652531266e-01
9.137191537064685010e-01
8.803173076896302351e-01
8.433862696933409620e-01
8.053145787215215679e-01
7.683620518547019662e-01
7.373321866220219345e-01
