1.114887900962398870e+00
1.036863229496842731e+00
9.918637245840095096e-01
9.716657199092942898e-01
9.672367275767470574e-01
9.708193756667936603e-01
9.759434956160581986e-01
9.783321540213079093e-01
9.778641220867444472e-01
9.732989044344556584e-01
9.665858676768885882e-01
9.577366883929824271e-01
9.450129564643611202e-01
9.271934663774034080e-01
9.026589409229066607e-01
8.713634772949797602e-01
8.355344099476625930e-01
7.980413062225290011e-01
7.609274377261373568e-01
7.292221096486609655e-01
