1.096050625677484236e+00
1.030645260585860257e+00
9.949404912332656670e-01
9.834973937528258547e-01
9.922238835054676409e-01
1.003699960261588808e+00
9.924796892012034411e-01
9.631784303246428980e-01
9.312492959942124671e-01
9.096902963383876051e-01
9.014373431427344929e-01
8.992693104482174515e-01
9.039078127612391045e-01
9.093086691647177533e-01
9.088133331745503751e-01
9.013487287407131454e-01
8.860229288720742336e-01
8.534943434269005591e-01
8.014644471720572261e-01
7.454992696641514760e-01
