1.109872992645913659e+00
1.039157264627083910e+00
9.982713661001231253e-01
9.823289995963394583e-01
9.859595815373678462e-01
1.007566526335080592e+00
1.012145626907019258e+00
9.917889399376980109e-01
9.601375383503693017e-01
9.309828614615445197e-01
9.143622340417734140e-01
9.040973356766905944e-01
9.024586114579737917e-01
9.056620866668014802e-01
9.061803114490301070e-01
9.007173160535250078e-01
8.895450138079991076e-01
8.631563681606136962e-01
8.146294438364818369e-01
7.579152074379913451e-01
