1.116093268552193596e+00
1.043407194190100196e+00
1.000948627884782560e+00
9.843875709829066345e-01
9.894909822147415213e-01
1.018101898971667918e+00
1.026942248125584545e+00
1.007002060394032839e+00
9.732542792683590571e-01
9.412862344853575314e-01
9.186861553413340209e-01
9.028320990038890548e-01
8.966932507264204766e-01
8.987677752413690824e-01
9.013202575390072413e-01
8.975800521896588613e-01
8.885539169718520425e-01
8.676778915933884839e-01
8.239252006950590346e-01
7.674958613533506835e-01
