1.095184629848342750e+00
1.023780742034812619e+00
9.843811108428758283e-01
9.912438377562957648e-01
1.023778346018203056e+00
1.020029598134330584e+00
9.636428681434392463e-01
9.092195615874857362e-01
8.691835630849625849e-01
8.282431999053703198e-01
8.052871101291365630e-01
8.007399467405200699e-01
7.972983651820908513e-01
8.091417550978968753e-01
8.401467216607308997e-01
8.738439111333130560e-01
8.855276165291667834e-01
8.692721124083941930e-01
8.483616615069528022e-01
8.224846567936426878e-01
