1.109189916150339794e+00
1.034095863473249111e+00
9.893074411267731572e-01
9.781059828552159940e-01
1.021519547972910669e+00
1.046020336652274452e+00
1.013670677128847508e+00
9.586749142396501222e-01
9.137302869905420399e-01
8.654273202808794307e-01
8.352167092066740128e-01
8.297489320119030287e-01
8.216314611922242994e-01
8.169513756100381663e-01
8.415503446045046188e-01
8.746891714214034552e-01
8.912550133350247705e-01
8.757283229428876048e-01
8.550087348393446973e-01
8.321108219596577982e-01
