1.125852108991833411e+00
1.047049593501919729e+00
9.990053405416799981e-01
9.805603990312126150e-01
1.010666570434600064e+00
1.059786476323136384e+00
1.056377391924940179e+00
1.009528077652571021e+00
9.640326113384538598e-01
9.132987031563613023e-01
8.679094035273133834e-01
8.632961250927363439e-01
8.536711351415470217e-01
8.417465719777978972e-01
8.479091424004391309e-01
8.754799154151041707e-01
8.977322046535646249e-01
8.852186138558615358e-01
8.635104041026823163e-01
8.434083447171537573e-01
