1.127073831179962404e+00
1.048105079997019073e+00
9.999608803679972402e-01
9.813491153733218120e-01
1.009693541992264798e+00
1.060395290161793236e+00
1.059366434919835953e+00
1.013974942768451903e+00
9.688953627628638099e-01
9.186790557758675035e-01
8.729739566586723898e-01
8.652437673506260252e-01
8.553863662331246953e-01
8.433116313365409678e-01
8.496933331999618755e-01
8.767923451424858294e-01
8.984019607359374771e-01
8.857103133072160572e-01
8.642366296141118509e-01
8.445748076319585795e-01
