1.121843388338117808e+00
1.035930501468946607e+00
9.812427949454413101e-01
9.554200205653267108e-01
9.712552695863448937e-01
1.004987647297670428e+00
9.822890494608855771e-01
9.428276797548917898e-01
9.024356525555737862e-01
8.484516421204884029e-01
8.442978050974625503e-01
8.451244796688540672e-01
8.468554999763142632e-01
8.453112604390818907e-01
8.427764232481409490e-01
8.648940484258756944e-01
9.104140035347494386e-01
9.255929247855696484e-01
8.863125412346697374e-01
8.641888234701990967e-01
