1.135685770749999657e+00
1.046078551023639225e+00
9.893620888328976681e-01
9.629934424963699779e-01
9.700252745379754904e-01
1.020151721811648704e+00
1.019028120934175607e+00
9.824962912035286600e-01
9.407459458166351762e-01
8.809899120393319683e-01
8.650304439265864564e-01
8.643298562030118370e-01
8.671269898354944106e-01
8.650111041349410890e-01
8.592454312652965109e-01
8.688269305582245750e-01
9.120545153052940224e-01
9.347570560596342171e-01
8.967426554098210101e-01
8.726125409948695122e-01
