1.141509779676161518e+00
1.050322581256939447e+00
9.928349443675329455e-01
9.663344313297833610e-01
9.711049071655988296e-01
1.024244857056049396e+00
1.030837693872279637e+00
9.966654949826163623e-01
9.553824758841678033e-01
8.941967744086459779e-01
8.725564794437555838e-01
8.720107109267002388e-01
8.745358837077004122e-01
8.723973646584720631e-01
8.660461004995043677e-01
8.708511164755710077e-01
9.125843226337825298e-01
9.380826452797046411e-01
9.011829856448169140e-01
8.759786360532522131e-01
