1.153127978607124682e+00
1.057873903286233652e+00
9.987268173368568647e-01
9.716578476546179344e-01
9.744041100573144210e-01
1.029563963432634566e+00
1.046660025698706420e+00
1.017013958426107756e+00
9.765014695679458123e-01
9.144311440500754173e-01
8.837465041492451601e-01
8.835784678229620104e-01
8.857155636486032657e-01
8.837627548601905136e-01
8.770124325802268750e-01
8.740232940670518147e-01
9.126045825074120543e-01
9.425363127507494498e-01
9.086441856661759964e-01
8.812104889558767251e-01
