1.164574599733539717e+00
1.061576162021492964e+00
9.871504762593437121e-01
9.479271559582560513e-01
9.394412878108160392e-01
9.782729677034140980e-01
9.755445654622594276e-01
9.506826819377590665e-01
9.132757137159415173e-01
8.551697155158328734e-01
8.555943227358270287e-01
8.594773922143505995e-01
8.677884644153069926e-01
8.752750176193682119e-01
8.783972399286313903e-01
8.778065150859307719e-01
8.891817754615570779e-01
9.468945285898836550e-01
9.241801781754342970e-01
8.526377023199792626e-01
