1.154518224331870346e+00
1.054814127217031938e+00
9.874215883958227247e-01
9.561123300241169964e-01
9.549951670859024855e-01
1.000868598412682164e+00
1.008186542089506421e+00
9.865516893960387668e-01
9.395211905329767799e-01
8.757424337014960702e-01
8.737637540873358644e-01
8.765087965539450909e-01
8.843909291660082550e-01
8.917657177721411976e-01
8.948331611688037368e-01
8.928193001400580586e-01
8.963672120741957849e-01
9.509756074534375658e-01
9.426557650071757388e-01
8.664435835709681788e-01
