1.182836489008417757e+00
1.077704965665988279e+00
1.000458311407575795e+00
9.620159294803043437e-01
9.562145132848304252e-01
9.997048721222818735e-01
1.022500475618978388e+00
1.003379149787562152e+00
9.632644268713512758e-01
8.916366964821006436e-01
8.815408420174252191e-01
8.818837387721779608e-01
8.894972818445759932e-01
8.967818959634554776e-01
9.004398658095245089e-01
8.980725621323698560e-01
8.972531877374408937e-01
9.480665271524656434e-01
9.487436439934381349e-01
8.703087316368122162e-01
