1.333107403558861703e+00
1.340444633112346295e+00
1.148065008516851560e+00
1.103485287162006889e+00
1.041391560645010816e+00
1.035304545424267531e+00
1.036507088622797834e+00
1.037681507604168107e+00
1.038820565802044182e+00
1.039927860062043408e+00
1.040998300680571198e+00
1.042028360021221234e+00
1.043013305632702004e+00
1.043960416947740333e+00
1.044549121054620056e+00
1.029887820524615805e+00
1.035144563690800545e+00
1.068243656256996132e+00
1.053334280569422354e+00
1.059812158205512667e+00
