1.323482588114449632e+00
1.263638145394309298e+00
1.175004943428954896e+00
1.111304405131156470e+00
1.069892038227138853e+00
1.046159110775581658e+00
1.032692424378962359e+00
1.025772403005959621e+00
1.022420404710846942e+00
1.020395231251986168e+00
1.018076500491198022e+00
1.014381890186014878e+00
1.008693154325130070e+00
1.000773213173607346e+00
9.906733597302133099e-01
9.786515231216271760e-01
9.651205408146225073e-01
9.506559128941094450e-01
9.370333081842530110e-01
9.261171877231603178e-01
