1.345495058115122600e+00
1.264202119962343440e+00
1.174241123870388925e+00
1.109943680874182492e+00
1.068447739789457174e+00
1.044789112213085236e+00
1.031301886102300225e+00
1.024253908970178983e+00
1.020671174620158883e+00
1.018333103933712680e+00
1.015649901225290641e+00
1.011575272161585826e+00
1.005530143438719826e+00
9.973109081099175155e-01
9.869934585093655954e-01
9.748486052485682007e-01
9.612891859487923130e-01
9.468790585772750568e-01
9.333908306263550836e-01
9.226207081288748668e-01
