1.368085326478374775e+00
1.271389364130000699e+00
1.179134772354593297e+00
1.113744064628595432e+00
1.070745073753135657e+00
1.045688772257385324e+00
1.031048105376425106e+00
1.023027127562414318e+00
1.018575582848834760e+00
1.015517510377004440e+00
1.012301027206977011e+00
1.007905627965885564e+00
1.001760611219833841e+00
9.936573399958494868e-01
9.836558998319729907e-01
9.720033217364217881e-01
9.590805649028834035e-01
9.454055212166064814e-01
9.325932386384482298e-01
9.224891809655136887e-01
