1.365589973567021387e+00
1.277237392542006855e+00
1.196359356842640942e+00
1.141361364966584135e+00
1.089634208017421724e+00
1.054610429730636456e+00
1.033350963202851691e+00
1.021683075938534468e+00
1.015102301228750781e+00
1.010954236322356703e+00
1.007272751488961671e+00
1.002742492709630451e+00
9.965922177921870961e-01
9.884889201985811447e-01
9.784343295875420621e-01
9.666691930777924213e-01
9.536061484667167631e-01
9.398169638107092272e-01
9.271334992274876674e-01
9.169283707226598690e-01
