1.334863219477274265e+00
1.342165312215053641e+00
1.152719720691055549e+00
1.112639237870574727e+00
1.046845888642790712e+00
1.040685645951721305e+00
1.041864391656297295e+00
1.043019746741217446e+00
1.044143406292433962e+00
1.045240013872520635e+00
1.046303649357429366e+00
1.047330439153991932e+00
1.048315369300174105e+00
1.049265328104593387e+00
1.049926369467706788e+00
1.035627614095147031e+00
1.040554046876298599e+00
1.073541349202416839e+00
1.058934091456926740e+00
1.061805125459504673e+00
