1.346386166581354793e+00
1.241414137354724279e+00
1.160302276027008084e+00
1.102734659281417784e+00
1.064282819543039382e+00
1.041355582023498760e+00
1.028381654755459174e+00
1.021189459725152737e+00
1.016898117236290533e+00
1.013510206113581891e+00
1.009646536397421190e+00
1.004449142845496024e+00
9.974895542480263222e-01
9.886730867152581093e-01
9.781446364350783185e-01
9.662084820263552309e-01
9.532791900132546736e-01
9.398878136946468009e-01
9.282027798596238499e-01
9.187843901182471962e-01
