1.240220393765264717e+00
1.239973417482424844e+00
1.169071732373446526e+00
1.105281149590847001e+00
1.063095944268302340e+00
1.040317752759692738e+00
1.030518731969663371e+00
1.028047603575927393e+00
1.028477322074532019e+00
1.028133715393868997e+00
1.024374617080140881e+00
1.015633309588712674e+00
1.001335581407807762e+00
9.816438427157965219e-01
9.571158701716337980e-01
9.284548117746115325e-01
8.964467904278327071e-01
8.623658708911863258e-01
8.286704535526124848e-01
7.973376283355089189e-01
