1.293740049609139131e+00
1.237460185032819737e+00
1.154100849219209302e+00
1.094852148625611310e+00
1.058630260111382171e+00
1.039983020818067594e+00
1.031503897855597485e+00
1.028613191550684647e+00
1.027350281729365156e+00
1.024683696299210744e+00
1.018555216167515320e+00
1.007851680060648736e+00
9.922618117052443010e-01
9.720320451931140360e-01
9.476970677783695951e-01
9.198945652443747401e-01
8.893284256721821768e-01
8.573943332334811318e-01
8.260004904711986118e-01
7.969792360460660197e-01
