1.331840584076925627e+00
1.230312131667455233e+00
1.146706817790949628e+00
1.089174405646272659e+00
1.054841631942584845e+00
1.035796555066676561e+00
1.025799341403006437e+00
1.020259263781882142e+00
1.015850606958958124e+00
1.010131190903769571e+00
1.001516682981235196e+00
9.891988793115839007e-01
9.729888998919267173e-01
9.531105512061038842e-01
9.300059619850699066e-01
9.042049074986113766e-01
8.763007417532902021e-01
8.476786072637144676e-01
8.198721906500817669e-01
7.943585907491252929e-01
