1.334470900021499817e+00
1.227955985827646312e+00
1.142354598838234425e+00
1.084923443980734481e+00
1.050586402520426788e+00
1.031317799694035031e+00
1.020748878905717749e+00
1.014394342631279589e+00
1.009030209865025451e+00
1.002336385705224320e+00
9.928509831614575898e-01
9.798710725685716438e-01
9.632739252092713533e-01
9.433008768615902540e-01
9.203663476546277700e-01
8.949390860273911397e-01
8.675259662940445482e-01
8.394009438105840548e-01
8.119745584819730855e-01
7.866556893276245299e-01
