1.336312451091161257e+00
1.344927091862811341e+00
1.161870707312133266e+00
1.120755450039044865e+00
1.052048366897610387e+00
1.045573512552955942e+00
1.046715054291034619e+00
1.047836276092895424e+00
1.048927144063352301e+00
1.049992414078113834e+00
1.051019597473399791e+00
1.051986490017764009e+00
1.052952607825491604e+00
1.053912354280625241e+00
1.054524455704335617e+00
1.040540724221906466e+00
1.045392020085580409e+00
1.078172771985597578e+00
1.064062737860842045e+00
1.063859766516896510e+00
