1.296929769848014002e+00
1.220181059654421585e+00
1.142170832029767658e+00
1.089379411518180518e+00
1.060881148467964774e+00
1.050109231110998520e+00
1.049273129384862724e+00
1.051070042710029906e+00
1.050169631874499743e+00
1.043140194440119739e+00
1.029286598298466249e+00
1.009566394204583606e+00
9.850748063050943637e-01
9.562823870261196735e-01
9.239069826953326681e-01
8.871556244682452519e-01
8.454185080222728077e-01
8.001819910206758868e-01
7.519689211734544854e-01
7.064258246264751850e-01
