1.324360544514249671e+00
1.228677871740721184e+00
1.146739330768038245e+00
1.091542837672822674e+00
1.060195025833202020e+00
1.045917423180644956e+00
1.041250075031532329e+00
1.039512519743743368e+00
1.035810951069597197e+00
1.027136543457090712e+00
1.012619231261458808e+00
9.929023670965069215e-01
9.689917237967279329e-01
9.414267417898988244e-01
9.107275852384154602e-01
8.765142396384588697e-01
8.375954903503153304e-01
7.950741896184079227e-01
7.492594242631503976e-01
7.053403527128929706e-01
