1.317205743926581185e+00
1.211769030499951105e+00
1.133520827601380621e+00
1.083421766393366070e+00
1.055515649650985655e+00
1.042375117853946653e+00
1.037005245883524385e+00
1.033586643658239934e+00
1.028020388698282606e+00
1.017919479699205265e+00
1.002662073584171365e+00
9.828624217794241780e-01
9.594198388820676104e-01
9.327875056223207118e-01
9.034869558132225809e-01
8.709077974931146437e-01
8.338569136908464685e-01
7.933483843208529729e-01
7.493634255062655569e-01
7.072607562522916780e-01
