1.319205123861494133e+00
1.212513279208043082e+00
1.133423235128291351e+00
1.082741431826764522e+00
1.054232246741147572e+00
1.040419807917025263e+00
1.034441058327312479e+00
1.030473031834932440e+00
1.024504336740054811e+00
1.014204475616875545e+00
9.989527615741833344e-01
9.793375892901052815e-01
9.562395081079306802e-01
9.300874042993473312e-01
9.013591565954551799e-01
8.693766157176311404e-01
8.328828740694563804e-01
7.927991231730635580e-01
7.490641994287254857e-01
7.070426416444632878e-01
