1.323370553735377264e+00
1.214417392302021614e+00
1.133692525605863421e+00
1.081569470826668322e+00
1.051613437448049027e+00
1.036444474781787140e+00
1.029227152235850262e+00
1.024318740753388024e+00
1.017820990106757195e+00
1.007438299778260493e+00
9.924402578739680569e-01
9.732443448247103390e-01
9.506565125474225608e-01
9.251335934061077904e-01
8.970100524025839128e-01
8.659837267931697058e-01
8.304411160224619559e-01
7.913081171252643875e-01
7.484592753849473867e-01
7.069182485234293267e-01
