1.419387434000682902e+00
1.256606675365495640e+00
1.004124492010702419e+00
1.002113183615914727e+00
1.000526214784598800e+00
1.001362872057723674e+00
1.002197259182758593e+00
1.003041306827551882e+00
1.003894698507175054e+00
1.004755540921091761e+00
1.005622605692450211e+00
1.006494233477820632e+00
1.007369780659232106e+00
1.008248405292456962e+00
1.009133090249390907e+00
1.010041763305440377e+00
1.007151170157422948e+00
9.931033474673445216e-01
1.040287969305711879e+00
1.047705937558470524e+00
