1.317237932138382694e+00
1.217671868143548553e+00
1.143062229850456468e+00
1.097408464578597309e+00
1.074023335475368768e+00
1.064117237413580330e+00
1.059376542778664554e+00
1.050929528119533662e+00
1.029599812103721757e+00
9.945883443922922673e-01
9.613113727704432065e-01
9.352659754604464304e-01
9.167970478430812475e-01
9.057528505558080090e-01
8.987013985474493483e-01
8.919931180044209373e-01
8.818127687482855137e-01
8.594751526744313086e-01
8.155704985798910567e-01
7.575159114491243351e-01
