1.324527515014490842e+00
1.222128842127601756e+00
1.144802643268623132e+00
1.096136836176322182e+00
1.069668706612084019e+00
1.056983968437699373e+00
1.050085861378947438e+00
1.041387092023367211e+00
1.023393333412204287e+00
9.939504676560357854e-01
9.642393993104685368e-01
9.394085274706243105e-01
9.214115831705247395e-01
9.100145149979469439e-01
9.025245008705023997e-01
8.957208387316968334e-01
8.847878470554266794e-01
8.621856360829537325e-01
8.184961290627597030e-01
7.617471942387654682e-01
