1.234776798127563469e+00
1.167491875965579018e+00
1.116532915642071355e+00
1.096514055508984509e+00
1.130828754411357551e+00
1.157690272150410316e+00
1.137540207569887496e+00
1.068293343635388748e+00
9.784958386653399565e-01
9.010908100867256465e-01
8.468282903088142355e-01
8.134372483310911006e-01
7.954822169140568500e-01
7.941293887444732524e-01
8.163321294150406304e-01
8.486475686395233975e-01
8.709143784846158365e-01
8.620192824024275335e-01
8.320160886067851091e-01
7.992874850731551684e-01
