1.308642817723022045e+00
1.214560138195721173e+00
1.144098200110374108e+00
1.103216522333941185e+00
1.087307457085662676e+00
1.097233396605158839e+00
1.094373466298735664e+00
1.058037344219757703e+00
9.922540222974136626e-01
9.252011173886687256e-01
8.759887170323273908e-01
8.422550710170546573e-01
8.166002102054242817e-01
8.033482583323588999e-01
8.145227427025956146e-01
8.463017219095753108e-01
8.752824683253968008e-01
8.736554384494960024e-01
8.465861784843179416e-01
8.163686038239994502e-01
