1.320462111814477701e+00
1.218474113165548989e+00
1.142349734010829732e+00
1.096952729361611034e+00
1.077114066233986645e+00
1.083875850038440669e+00
1.078067133230684593e+00
1.038889476972271186e+00
9.721539960053457996e-01
9.109646414077139376e-01
8.673169985861559628e-01
8.340797786168754335e-01
8.067184491894145992e-01
8.034285139866205183e-01
8.140995994218434006e-01
8.431217578061918072e-01
8.748461594275650510e-01
8.785823270574446564e-01
8.525563395529094368e-01
8.233338063411692609e-01
