1.326289025476304229e+00
1.225198039335212430e+00
1.148432394774846266e+00
1.100966842713721139e+00
1.076111490083392797e+00
1.070645077174702697e+00
1.073092585847778668e+00
1.050136319770591520e+00
9.986752749443706945e-01
9.392348334494960982e-01
8.944058938564440897e-01
8.619894057596078074e-01
8.345318403760917381e-01
8.167782832126382342e-01
8.194541520166986892e-01
8.482530269726553662e-01
8.774350838391720142e-01
8.781196869106153713e-01
8.519886298225648469e-01
8.230366558962219914e-01
