1.029748572886308056e+00
9.134560636647920395e-01
8.906207770302853044e-01
8.679036274319026356e-01
8.480410729051777174e-01
8.324842193567717485e-01
8.209784990274761052e-01
8.129004767959974176e-01
8.083781696343682599e-01
8.109249808287178896e-01
8.139299524898291338e-01
8.171841347546662249e-01
8.207025361191728763e-01
8.244712578655671864e-01
8.284782406454304082e-01
8.327138150241512049e-01
8.371556128279470377e-01
8.422779057325434637e-01
8.546003774090077387e-01
7.128437839592551839e-01
