1.088403159678022147e+00
9.564728839300129515e-01
9.134102312191141326e-01
8.864647844873576599e-01
8.633962059855956328e-01
8.453681255990405097e-01
8.319437287678611570e-01
8.223452242275727242e-01
8.160552881521037083e-01
8.181186304940530896e-01
8.207653124694590518e-01
8.237454851463316130e-01
8.270771877537720362e-01
8.307445795759484941e-01
8.347341279212884269e-01
8.390355933867028604e-01
8.436406742561751715e-01
8.488802749753974197e-01
8.608657634228111810e-01
7.765108536108256132e-01
