1.127666448520126874e+00
9.862194135306446841e-01
9.269204295985025155e-01
8.975785585520693610e-01
8.726719973796154273e-01
8.531795833048445576e-01
8.386113698180454046e-01
8.281032612735389487e-01
8.208588018802773778e-01
8.224884311472910881e-01
8.249080838903998236e-01
8.277101198442090579e-01
8.309101761489335880e-01
8.344929161612609780e-01
8.384452524763648107e-01
8.427567431435757372e-01
8.474264088884031487e-01
8.527061584680768469e-01
8.632523369610346498e-01
8.142437687186963036e-01
