1.013620085207057819e+00
9.093874721967890595e-01
8.848604502719349396e-01
8.591705973658548823e-01
8.369749618340363018e-01
8.194044481537380298e-01
8.061848704167848823e-01
7.989607177477927591e-01
8.012658090132335209e-01
8.041069750124443249e-01
8.072027423109625621e-01
8.105665674626296724e-01
8.141693089832936492e-01
8.179839202478627058e-01
8.219857348319322687e-01
8.261526313205727057e-01
8.304602833388445848e-01
8.348813346197012653e-01
8.402958729087819378e-01
8.308278928879750946e-01
