1.034156882455002258e+00
9.196425100435967614e-01
8.926192688596218394e-01
8.652621598483344334e-01
8.417999940548936966e-01
8.232711734256294989e-01
8.093024066280414264e-01
8.013218911592432381e-01
8.033619369345794681e-01
8.059960391149886272e-01
8.089272531721067860e-01
8.121695337382700552e-01
8.156922540307681713e-01
8.194664582478633497e-01
8.234665603930096944e-01
8.276694044347148171e-01
8.320496632606352305e-01
8.365842274184528415e-01
8.422883656507264005e-01
8.389844941809142531e-01
