1.049998406120393746e+00
9.278226981054505940e-01
8.988016921142322202e-01
8.701472087551603840e-01
8.457000371413112561e-01
8.264301913193856652e-01
8.118839130755006739e-01
8.033219015423902487e-01
8.051548251692681735e-01
8.076243103145288593e-01
8.104214841155397142e-01
8.135606550835506878e-01
8.170104265064175308e-01
8.207412135509509765e-01
8.247272711726254535e-01
8.289440999703026058e-01
8.333664252260886141e-01
8.379754347345157450e-01
8.439143561593608345e-01
8.446734559355956184e-01
