1.062788943608209857e+00
9.344363424362547299e-01
9.037620510727136791e-01
8.740487701837852397e-01
8.487956994909338082e-01
8.289216919429387431e-01
8.139052500020118597e-01
8.048893098743620245e-01
8.065555830040280760e-01
8.088911290935520970e-01
8.115787890974939245e-01
8.146334700731965306e-01
8.180232998852098314e-01
8.217178627921173373e-01
8.256910892361023491e-01
8.299189572422955852e-01
8.343747648297196173e-01
8.390446434856901892e-01
8.451850693472755527e-01
8.487437956505202719e-01
