1.087564918446987328e+00
9.483723312867514688e-01
9.114740799014171557e-01
8.801146640620197692e-01
8.535612248921622403e-01
8.326978034624992198e-01
8.169069039520107101e-01
8.070802523367052173e-01
8.084841219948657454e-01
8.106114069796390709e-01
8.131284756536436564e-01
8.160511969570467539e-01
8.193474551907444781e-01
8.229859271974822033e-01
8.269406075800659339e-01
8.311864706304255002e-01
8.356970139581003654e-01
8.404651973106002094e-01
8.469337878111482532e-01
8.538077897332001509e-01
