1.029237119913665399e+00
9.205115708234885563e-01
8.876332732357179456e-01
8.555804177365673446e-01
8.283143049644664524e-01
8.066078898735649094e-01
7.900561676682001933e-01
7.906264653617067761e-01
7.925880025875935431e-01
7.949155990753974388e-01
7.976260629182637674e-01
8.006738655818629313e-01
8.040100227641346908e-01
8.075868634225765730e-01
8.113588896686327878e-01
8.152791681515498823e-01
8.193020223421167980e-01
8.233828640476991145e-01
8.274854229193314703e-01
8.315953439758757559e-01
