1.313322455578472381e+00
1.327069422128503318e+00
1.133061102431282441e+00
1.047729462862464045e+00
1.013455371242877989e+00
1.010053574972705537e+00
1.011062491801183016e+00
1.011829906388783895e+00
1.012335931701277669e+00
1.012549837178851497e+00
1.012430045242850962e+00
1.011928815808298854e+00
1.011019322717422675e+00
1.009800038157421476e+00
1.008533625941002709e+00
1.006224482117916708e+00
9.911690109718926944e-01
9.793542620674409171e-01
1.022709541531142019e+00
1.030595949379188081e+00
