1.050295988470336450e+00
9.274539997075039732e-01
8.856910375447663020e-01
8.471598632262048456e-01
8.145973291700975283e-01
7.886719489756368606e-01
7.781574690944494943e-01
7.785299184104426118e-01
7.797062286567412182e-01
7.813878524037354278e-01
7.835417875885613004e-01
7.860786763500899887e-01
7.889015752143136995e-01
7.919051834157431191e-01
7.949758734633948221e-01
7.979908353427537238e-01
8.008260212446467463e-01
8.033724770964625339e-01
8.055668511799721765e-01
8.075102433573780880e-01
