9.334910050926771286e-01
8.843576804776219769e-01
8.459651965789050099e-01
8.085056926809915945e-01
7.761341866094624287e-01
7.521737199754944259e-01
7.514592126114592041e-01
7.515461840152007911e-01
7.515961147231540185e-01
7.514521053537782658e-01
7.507677299453586750e-01
7.491100696783756785e-01
7.460310079994043608e-01
7.413436430613032924e-01
7.357162453743643082e-01
7.309246581832166134e-01
7.287418794713629300e-01
7.297840170672047488e-01
7.337440614780220693e-01
7.403553704690549742e-01
