9.590929860843387944e-01
8.919338270546209868e-01
8.518121385703022463e-01
8.130851378274772667e-01
7.798452207759664079e-01
7.547157879802587344e-01
7.538727423725696264e-01
7.540024847523474349e-01
7.542622620708478998e-01
7.545379486990666518e-01
7.545365143847575506e-01
7.538870570001435789e-01
7.521653804191125170e-01
7.490195181948432479e-01
7.445461932804804395e-01
7.398076049810299315e-01
7.365918256771157857e-01
7.361847860774551888e-01
7.387796325008382237e-01
7.442392708687377567e-01
