9.924463658292645984e-01
9.028141479242343115e-01
8.600778039397130037e-01
8.194801032177594369e-01
7.849767892416541493e-01
7.582665871926462797e-01
7.572152392104301022e-01
7.573504488384246169e-01
7.578184774842064986e-01
7.585544074147904103e-01
7.593271697799538478e-01
7.598449654425466493e-01
7.597586925834604044e-01
7.586892393832502801e-01
7.563627009524013234e-01
7.529574409478799746e-01
7.494914560140040205e-01
7.475257415946999773e-01
7.481322514261334877e-01
7.517001911257059632e-01
