1.109363155844350413e+00
9.780882142393740875e-01
9.356249314392058869e-01
8.785063670720740792e-01
8.605828688873352617e-01
8.478688292749659849e-01
8.378402491715271072e-01
8.306764171291336485e-01
8.259280440418326208e-01
8.231401514383021034e-01
8.221492271669462726e-01
8.253214587147195136e-01
8.288736098746088965e-01
8.326919355384881927e-01
8.367971504273340466e-01
8.406999397337578950e-01
8.488326600689144463e-01
8.698971052615875887e-01
8.216882014892515906e-01
7.718465728649437363e-01
