1.123919829144425231e+00
9.978241208322458089e-01
9.577349879145926614e-01
8.912010572836140954e-01
8.696547432643924047e-01
8.558226567871272117e-01
8.449541036170951092e-01
8.371324585245369931e-01
8.318836438460935900e-01
8.287111238115782985e-01
8.273495506511363562e-01
8.304199182378187993e-01
8.339026045655887343e-01
8.376762832393019886e-01
8.417613083526698237e-01
8.455272415715944234e-01
8.512152348487417308e-01
8.713145627970377838e-01
8.294604782155355904e-01
7.765517357925648678e-01
