1.144665571090968781e+00
1.027020572580472635e+00
9.895836907887701761e-01
9.111795779453967237e-01
8.831092331675535201e-01
8.677408563227848592e-01
8.556985864945002573e-01
8.469378359690999947e-01
8.409680545538361640e-01
8.372380920708665242e-01
8.353088497295730885e-01
8.382192329452348156e-01
8.415945185524231764e-01
8.452971365930692649e-01
8.493453160489442544e-01
8.528466593447955324e-01
8.553330374847385453e-01
8.730591457945980904e-01
8.423376336333964209e-01
7.843376358030609286e-01
