1.091268856504677753e+00
9.514413735901071645e-01
9.115153409308913712e-01
8.616739398812216510e-01
8.482180687250715501e-01
8.362399892750861374e-01
8.269759846999785724e-01
8.203627213444052435e-01
8.160054244578011096e-01
8.170292036300382810e-01
8.208486188378294468e-01
8.249314809140460003e-01
8.292167058878809893e-01
8.337049890019311293e-01
8.383843545111004936e-01
8.432475830119179339e-01
8.486136061271243314e-01
8.682217984576853231e-01
8.450080657237128978e-01
7.208108214602046981e-01
