1.155474300049659453e+00
1.042142910736364225e+00
9.962052476160447867e-01
9.041053476893292640e-01
8.843180289981015241e-01
8.676913417408433915e-01
8.545735288053922796e-01
8.449691180684520964e-01
8.382446482726014780e-01
8.369121985026628519e-01
8.399356523480323578e-01
8.433765549512132198e-01
8.471242714153227604e-01
8.511828278979595153e-01
8.555410933925393646e-01
8.601834812497471949e-01
8.643904159532080911e-01
8.734878699210512076e-01
8.769875776508020415e-01
7.727870386583332030e-01
