1.160672046721054951e+00
1.050378317424173646e+00
1.004572930943161246e+00
9.080849909187198588e-01
8.876320365998937589e-01
8.704944622791294107e-01
8.569705592346460454e-01
8.470279410373463547e-01
8.400312904889791765e-01
8.384978479583780064e-01
8.414177071090449544e-01
8.447762388244376419e-01
8.484605718670086283e-01
8.524748470620631124e-01
8.568075669560719643e-01
8.614409086104426461e-01
8.654818073772412301e-01
8.740713039635525927e-01
8.784773034999915353e-01
7.794684210784218470e-01
