1.089719855871611909e+00
9.474747621191178526e-01
9.025765556014705426e-01
8.607106119591274584e-01
8.460852636518334524e-01
8.332505319795882048e-01
8.232629770743432607e-01
8.158999769755804765e-01
8.158874559800961546e-01
8.199542030374287194e-01
8.242566028962688973e-01
8.286965125657174136e-01
8.332703617000825069e-01
8.379565325125702957e-01
8.427338665989799749e-01
8.475770644957006938e-01
8.524742083267533577e-01
8.591938893463533233e-01
8.762556263901302156e-01
7.334632166242117668e-01
