1.110457404148603944e+00
9.758220105558559343e-01
9.251423338729397594e-01
8.713707311726527349e-01
8.547843171317364153e-01
8.404208482130325342e-01
8.292146274240155268e-01
8.208873420227802420e-01
8.198943631953876654e-01
8.236416649045031901e-01
8.276878551611110968e-01
8.319136270028397728e-01
8.363169110372674631e-01
8.408744924515881847e-01
8.455638727826689793e-01
8.503603930955044854e-01
8.552510271692648214e-01
8.616505251389057207e-01
8.784402376554770742e-01
7.592783526786843762e-01
