1.125937144209640639e+00
9.977534433110796241e-01
9.433590591142838599e-01
8.801372070148393290e-01
8.620723253125550656e-01
8.465406532947773455e-01
8.343911973676563232e-01
8.253135273169207586e-01
8.235304257818870655e-01
8.270152339268113106e-01
8.308453669291612220e-01
8.348848828104646902e-01
8.391328798701049863e-01
8.435656730631214684e-01
8.481599549371544589e-01
8.528910292528973924e-01
8.577456479444685034e-01
8.638831669771175337e-01
8.800491597909395614e-01
7.812204837816978387e-01
