1.155752439560724376e+00
1.042440478786987423e+00
9.818487549491786703e-01
8.984696075811711147e-01
8.775535611950040504e-01
8.597253466642068576e-01
8.456812894245243628e-01
8.350834396388834291e-01
8.316016711927791683e-01
8.345287976238554561e-01
8.378939908232331257e-01
8.415247899088061923e-01
8.454244856658026386e-01
8.495678006612833455e-01
8.539306050979369456e-01
8.584894637458641009e-01
8.632279416336721134e-01
8.687947576266429328e-01
8.827317894549285837e-01
8.271808886607602274e-01
