1.161477544228662673e+00
1.051671693643230210e+00
9.903176505015023334e-01
9.023406670336833191e-01
8.809332623319626743e-01
8.626945929005033209e-01
8.482964102361006953e-01
8.374090651809803498e-01
8.335123508206975229e-01
8.363256312268457782e-01
8.395934024878172197e-01
8.431338375154244780e-01
8.469513140244437910e-01
8.510206316980829522e-01
8.553177406746725886e-01
8.598193731929051342e-01
8.645082876579786024e-01
8.699400664223604362e-01
8.833526224672701987e-01
8.352559973901882984e-01
