1.104362579140781619e+00
9.690348758862553646e-01
8.999833784694951655e-01
8.666743159820133879e-01
8.486943861652106458e-01
8.332368263761027460e-01
8.208503654589551779e-01
8.150355163871538799e-01
8.186736136571755029e-01
8.226863943127661338e-01
8.267991203608087147e-01
8.310269112974310035e-01
8.353395279177898702e-01
8.397052290257733809e-01
8.440923693026514130e-01
8.484679862586340660e-01
8.527898901928137043e-01
8.570393060147944997e-01
8.635408227178745788e-01
8.620476429968821908e-01
