1.325030959665391972e+00
1.340223290741245687e+00
1.175911239090849936e+00
1.101032149668988769e+00
1.045293125143951007e+00
1.040254262413171871e+00
1.041191994502527418e+00
1.041954793275917446e+00
1.042521214339037217e+00
1.042869276995157302e+00
1.042964456481038527e+00
1.042769775990249670e+00
1.042271675393402930e+00
1.041561624302805633e+00
1.040829420014693918e+00
1.039246909527969720e+00
1.027262885705523932e+00
1.008908030973781011e+00
1.044296712826108697e+00
1.051049043970438523e+00
