1.122405312202015448e+00
1.002714690283614374e+00
8.960556594701158950e-01
8.712936434134956887e-01
8.490999423754359565e-01
8.300266512176839306e-01
8.141969239631525745e-01
8.147586246967876145e-01
8.179276139851243688e-01
8.212492994844926564e-01
8.247174194662624247e-01
8.283126377707686894e-01
8.320001155839238383e-01
8.357391929757486126e-01
8.394807480545252165e-01
8.431624604701939418e-01
8.467052708985431941e-01
8.500133586565866706e-01
8.529839564560777188e-01
8.555050586501643517e-01
