1.133668046289585618e+00
1.017232595078377155e+00
9.053027914410417543e-01
8.760257496656981280e-01
8.528104045802743505e-01
8.329365156800061509e-01
8.164524458599556889e-01
8.162321245963870542e-01
8.191472181308738776e-01
8.222624315305208098e-01
8.255569532664590593e-01
8.290145434973817951e-01
8.326014198139235489e-01
8.362787524804661254e-01
8.399991792503443966e-01
8.437027211859902120e-01
8.473128614045357665e-01
8.507368024743287016e-01
8.538743101320656059e-01
8.566139203113336542e-01
