1.327991283973029901e+00
1.342784983087766060e+00
1.188119623017636073e+00
1.108312110521284755e+00
1.050729762083317809e+00
1.045153700807686770e+00
1.046053108891188410e+00
1.046786735386926015e+00
1.047330038375845707e+00
1.047662992536737558e+00
1.047753055376634101e+00
1.047564635724202109e+00
1.047088238308044428e+00
1.046415943081685507e+00
1.045717708182484440e+00
1.044153750951802184e+00
1.032396981225278010e+00
1.013862508811561813e+00
1.047930047470559733e+00
1.054801258460323243e+00
