9.642552898773111281e-01
9.690573219045742759e-01
9.672097404784503194e-01
9.557165752048011331e-01
9.423786625647817550e-01
8.735111309300329641e-01
8.238163095957651283e-01
8.180721675410964622e-01
8.134656436248212108e-01
8.101927826191696047e-01
8.084086694515177918e-01
8.079389951734332609e-01
8.085051080193503825e-01
8.036081200652844814e-01
7.950854737891943635e-01
8.032758866965465927e-01
8.327469235831393979e-01
8.286847170372176885e-01
7.899301566217175052e-01
7.546626491952460603e-01
