1.327463379032693958e+00
1.343193395327681561e+00
1.177357973665268176e+00
1.111040809610728042e+00
1.050520138475046661e+00
1.045574097672428371e+00
1.046485363350732278e+00
1.047231385479099997e+00
1.047791859704060968e+00
1.048145871941899898e+00
1.048259996833929009e+00
1.048100679602867569e+00
1.047663285752860940e+00
1.047050439992728510e+00
1.046407686710755458e+00
1.044701379430513555e+00
1.031461560208102979e+00
1.015089660211868194e+00
1.050353873633442348e+00
1.055994977962043890e+00
