9.250465750269676324e-01
9.289485820049689924e-01
9.152894432439895311e-01
8.918035918406743701e-01
8.941432727324640783e-01
8.272710712332306260e-01
8.096820421378591037e-01
8.050839894985926115e-01
8.014968400647102253e-01
7.994563331855717436e-01
7.988249932550663956e-01
8.004950871475244867e-01
8.052701759508104074e-01
8.103467867689487791e-01
8.116138491470621386e-01
8.154542947925302876e-01
8.414844053144683311e-01
8.702219172111937961e-01
8.201123427509416919e-01
7.792583255257559127e-01
