8.957002541018821429e-01
8.994702805469986240e-01
8.746103295982023962e-01
8.413716791558689678e-01
8.509407454180907271e-01
8.015838196202144106e-01
7.982235216032300684e-01
7.947156275555352645e-01
7.924113734152428146e-01
7.914768290247480298e-01
7.943621856588157781e-01
8.003749662290031708e-01
8.066068961404274651e-01
8.129847687374471832e-01
8.194997395870977641e-01
8.249696901232609347e-01
8.428339260594165383e-01
8.766424473011708018e-01
8.428132078831345186e-01
7.729065111943728139e-01
