9.118447948994715668e-01
9.183251772769071009e-01
9.005590614941684224e-01
8.755510580587515523e-01
8.726058775301348547e-01
8.132986707025288142e-01
8.086224411552548341e-01
8.040063234015293325e-01
8.007834215836758807e-01
7.991137204062042088e-01
8.012937673426223650e-01
8.070534313485240308e-01
8.130788463838497515e-01
8.192842244840427002e-01
8.256578673612653407e-01
8.306121889808318892e-01
8.448750441607141282e-01
8.770208545491531282e-01
8.504359640993800484e-01
7.782532768485849184e-01
