9.448990414277930183e-01
9.561643350204305225e-01
9.520663733109655524e-01
9.388813708115938406e-01
9.198815603660324136e-01
8.388394970910482140e-01
8.310589564896032622e-01
8.245941760335080417e-01
8.196160270833123818e-01
8.164962546256586684e-01
8.169555395633466555e-01
8.221496369698491069e-01
8.276941164661145711e-01
8.334692832279448904e-01
8.394571818328193658e-01
8.433820068078308196e-01
8.509949175599873517e-01
8.780318960539811313e-01
8.690440280191980005e-01
7.921107536066283039e-01
