8.989136801619354022e-01
9.060125187002464608e-01
8.781460417339623792e-01
8.685920863963954019e-01
8.358365634788035292e-01
8.078757061122476824e-01
8.032587179314901737e-01
7.991113762004419252e-01
7.964041870892272224e-01
7.981199212381729913e-01
8.048270308424148034e-01
8.117335144115601642e-01
8.186998899535179453e-01
8.257319249345783652e-01
8.328099343540125155e-01
8.399156744414310038e-01
8.478571843658651019e-01
8.736999434378541762e-01
8.732729547500501788e-01
7.376769372229958766e-01
