9.387467549768351294e-01
9.519640217688393191e-01
9.449227890008689013e-01
9.359870308066636779e-01
8.942790343673345799e-01
8.362266396071562635e-01
8.286984037070206366e-01
8.216928253272339777e-01
8.165135929500423329e-01
8.147950264850468693e-01
8.205585235674637268e-01
8.266643326868176045e-01
8.328934554528776291e-01
8.392634021777392039e-01
8.457571390766229769e-01
8.523453751952201340e-01
8.586354041689239214e-01
8.760503927532727886e-01
8.877184568322642466e-01
7.728258387581595779e-01
