9.545058464219026151e-01
9.695924957137804778e-01
9.694603657053652013e-01
9.632905678454436460e-01
9.175715498285827998e-01
8.468723934379368545e-01
8.386662302341540975e-01
8.306669761528693297e-01
8.245086549205247195e-01
8.214405650646342538e-01
8.268066269798274304e-01
8.325759013523102992e-01
8.384997734500436728e-01
8.445999528066874262e-01
8.508591348565023305e-01
8.571414865236027802e-01
8.629083985007980351e-01
8.770278822489758763e-01
8.930826355752617962e-01
7.929827575512129467e-01
