9.579270248561505552e-01
9.734912273321366660e-01
9.746814233215467249e-01
9.693594364770711236e-01
9.225763360192776874e-01
8.490460247796578486e-01
8.407302607831141916e-01
8.325188940576558894e-01
8.261256528152569611e-01
8.227711445948984181e-01
8.280303554047749870e-01
8.337082732200358226e-01
8.395507205762873237e-01
8.455805789526349425e-01
8.517792213777244381e-01
8.579386670078491539e-01
8.636362739927647691e-01
8.774564497709632649e-01
8.935803554936224691e-01
7.970902098247409917e-01
