9.032251837144188444e-01
9.135031381370373182e-01
8.807040024775745213e-01
8.871244383243686027e-01
8.174134771362672192e-01
8.128677569665538893e-01
8.069900205279528782e-01
8.021628697398358598e-01
8.001476021383037152e-01
8.073430828269605453e-01
8.147581274945517871e-01
8.221038916294800547e-01
8.293973049931840924e-01
8.366054489295605689e-01
8.436917466139212118e-01
8.506123206639845113e-01
8.573386990897629012e-01
8.663482239211109937e-01
8.905741576611037047e-01
7.685727104615345251e-01
