9.419404833753411976e-01
9.583959162211702631e-01
9.501392725859664212e-01
9.490644067711473397e-01
8.699203940024476944e-01
8.377761249937901722e-01
8.287600367573930704e-01
8.208004427992154906e-01
8.147360353259770482e-01
8.197817617968043979e-01
8.261577066917532575e-01
8.325772787747964809e-01
8.390391712603150198e-01
8.455165002951993136e-01
8.519745768571332922e-01
8.583751014331248985e-01
8.647144072105481527e-01
8.724129657119288339e-01
8.925057108042724341e-01
8.304506157354714091e-01
