9.501237875848023151e-01
9.676265483889752161e-01
9.637516522086329029e-01
9.625796055733003564e-01
8.814551431602491993e-01
8.430670925247394365e-01
8.334223371911283484e-01
8.248223877854590214e-01
8.181752026156874358e-01
8.225038825290258426e-01
8.286302493405619529e-01
8.348361440685289070e-01
8.411058419335306624e-01
8.474155275501877860e-01
8.537306828780958368e-01
8.600145974603073951e-01
8.662921160459491343e-01
8.736938361971841038e-01
8.926743290215524151e-01
8.434835443572713531e-01
