9.458218977747345768e-01
9.431831847152211123e-01
8.812224814693283559e-01
8.080131402547963138e-01
7.612465746490131302e-01
7.223763840719958917e-01
6.913962236819031215e-01
6.955232959337115384e-01
6.986328821039551329e-01
7.030451709916158975e-01
7.146010539341263179e-01
7.351095328470292900e-01
7.691475607667356273e-01
7.985921722844327997e-01
8.074074443600728346e-01
7.942964475265189561e-01
7.659681036553021016e-01
7.298976404875595625e-01
6.776169967981087172e-01
6.213242334276523060e-01
