9.278565861750832644e-01
9.372589100886857816e-01
9.259881769512766647e-01
8.637525181700986820e-01
8.027398453342716733e-01
7.536525293701945571e-01
7.108051630681782029e-01
6.971419367387250432e-01
7.009638668700709507e-01
6.977929609127048183e-01
6.960731934359978279e-01
7.028531720983628439e-01
7.184445808121696642e-01
7.494693068744868736e-01
7.681145229284790377e-01
7.671067112241277686e-01
7.487058810059029623e-01
7.195644996194697773e-01
6.724044946721206006e-01
6.190809209200125451e-01
