9.168415581659045133e-01
9.161528431148810991e-01
9.000750659168024193e-01
8.387335228126640008e-01
7.847713183171944884e-01
7.390129824442006612e-01
6.984759035354641821e-01
7.017829311824768102e-01
7.068340604660036108e-01
7.113098485625304335e-01
7.101908575262954049e-01
7.085181413932031269e-01
7.150003566993382575e-01
7.320203032160399470e-01
7.639766343994537356e-01
7.899364552970422615e-01
7.890050196449174269e-01
7.642772266276092186e-01
7.286478116080088441e-01
6.833846668265901592e-01
