9.045696562670887397e-01
9.115292467990541159e-01
9.129456856587666591e-01
8.700304802933042092e-01
8.125774957991374059e-01
7.637012390627422320e-01
7.166260550697312048e-01
7.092273088104958934e-01
7.151896354708909831e-01
7.202086714123914213e-01
7.192719744613474964e-01
7.145376432050414284e-01
7.154723502389934708e-01
7.264312377744044369e-01
7.521462953085720216e-01
7.812716915240947024e-01
7.845547477916118284e-01
7.635590077989700131e-01
7.293838416900728649e-01
6.864676253382970827e-01
