1.310150669710500315e+00
1.322368642039903008e+00
1.157234915615692916e+00
1.037840613495357944e+00
1.012793119885501358e+00
1.009593906323770440e+00
1.009505728876638031e+00
1.008683303381404883e+00
1.007008397249141485e+00
1.004326789410551868e+00
1.000469524814138644e+00
9.952765198797435264e-01
9.886475332567575824e-01
9.806420636132961999e-01
9.716462201560263079e-01
9.624557436612697359e-01
9.537785455925892331e-01
9.454204072491154687e-01
9.493877492519997574e-01
1.005848996412267216e+00
