8.952974028334140799e-01
9.048011606984656119e-01
9.158003079074282793e-01
8.918829978636534372e-01
8.372472346573399671e-01
7.869153234497933136e-01
7.360788039173238317e-01
7.163186915487756989e-01
7.230458305159821464e-01
7.283115909249883169e-01
7.285112757534570882e-01
7.224387583688965941e-01
7.187528145486135056e-01
7.234882359438397081e-01
7.404034088987959672e-01
7.725322446340608940e-01
7.804521771982236844e-01
7.637515881724685762e-01
7.311043135383488156e-01
6.912747031709087775e-01
