8.996741911779125855e-01
8.926162111797514287e-01
8.761597867982153787e-01
8.208451525493064560e-01
7.748342119830247121e-01
7.320636681297644222e-01
7.010912971175154995e-01
7.083252918717748425e-01
7.139872068304162767e-01
7.193783813101394253e-01
7.253983208990197884e-01
7.296946361993901231e-01
7.305917936563097737e-01
7.385578794559894966e-01
7.592861825349814797e-01
8.009614742370283480e-01
8.370295677260882750e-01
8.289375491675201602e-01
7.926804155930988749e-01
7.554373092834220094e-01
