8.915759097052112780e-01
8.838225557910547314e-01
8.915979310027474236e-01
8.705297016072781613e-01
8.227451152526545908e-01
7.759295677885822418e-01
7.235497764234533058e-01
7.248580755175864088e-01
7.311919186942069659e-01
7.367684753978771539e-01
7.423237987206138255e-01
7.478890310255795759e-01
7.472165281416893734e-01
7.482774733272905543e-01
7.591703678765429064e-01
7.880817492331592122e-01
8.312651430362399951e-01
8.309096706884993022e-01
7.975668469373161651e-01
7.597847776305248768e-01
