8.816041794976560153e-01
8.689807403884959314e-01
8.575376926680225997e-01
8.158476083715590077e-01
7.787681484686330702e-01
7.358425226825826559e-01
7.137936113057359311e-01
7.218547028414613598e-01
7.282560851171427929e-01
7.343455712969894078e-01
7.436016123091581109e-01
7.535483006987562238e-01
7.628059861445458667e-01
7.684277055299344461e-01
7.778760785259479782e-01
8.023657783867086390e-01
8.544781599027366781e-01
8.889899435614523338e-01
8.478770921862680554e-01
8.051641894195242788e-01
