8.871063933341413188e-01
8.650496366680940907e-01
8.646032742580083141e-01
8.382481992909922575e-01
7.999727142597831131e-01
7.562757534577897456e-01
7.213431297544868892e-01
7.298461711497128412e-01
7.361238069835026598e-01
7.419733074635462833e-01
7.506066957743700030e-01
7.604880508202470635e-01
7.696568711049606160e-01
7.752202156927811005e-01
7.823722913403247103e-01
8.028105898541837426e-01
8.499225934829484075e-01
8.897160914105628482e-01
8.510674976991935425e-01
8.081246508191012312e-01
