1.312703673834280993e+00
1.325665363918608453e+00
1.164416305745851865e+00
1.055965570476950166e+00
1.022393119868767020e+00
1.019094787672139013e+00
1.019128145898547277e+00
1.018489005713234530e+00
1.017067892593130463e+00
1.014716588318936186e+00
1.011267697672585175e+00
1.006545329102499498e+00
1.000402135980599905e+00
9.927997801744455897e-01
9.839742611164504771e-01
9.745865612525874688e-01
9.652875196201007313e-01
9.555192951378268518e-01
9.559803516880991392e-01
1.010455278303540982e+00
