8.940695439870252059e-01
8.620166880914529317e-01
8.685525338718810273e-01
8.541004104382046158e-01
8.172222775567010711e-01
7.735846077455557079e-01
7.274698693448560238e-01
7.365847733730610525e-01
7.427440577514478059e-01
7.483722945837928409e-01
7.564450353036664687e-01
7.662412065507274717e-01
7.752550559800316377e-01
7.808957470503419263e-01
7.864579084939717912e-01
8.038859370541888705e-01
8.459665912168384816e-01
8.902692081223283482e-01
8.543173249306404982e-01
8.110104980707090183e-01
