8.834418534354434582e-01
8.478780322510978129e-01
8.419551334381489838e-01
8.125911606652179708e-01
7.872537035304366659e-01
7.412591849624666773e-01
7.295858078771071398e-01
7.374424004779023267e-01
7.436774322193101527e-01
7.516733665695660704e-01
7.629216593308937311e-01
7.744021455180922775e-01
7.859935843143136536e-01
7.973236640571710332e-01
8.072186362364498491e-01
8.193102142528169152e-01
8.493407704705602246e-01
9.081630942422435071e-01
8.858551770709413020e-01
8.083902627550446640e-01
