9.030776300579745897e-01
8.515792953780355612e-01
8.506280688496752340e-01
8.477065991375462017e-01
8.245538518354991186e-01
7.798005664866033415e-01
7.430191457100753238e-01
7.515567089820254232e-01
7.571334481288368723e-01
7.628241150981727170e-01
7.736609152257809541e-01
7.848018960893863305e-01
7.960554628071151440e-01
8.069740506145318681e-01
8.169759591469725191e-01
8.258347386048545680e-01
8.488791930452502799e-01
8.990877281433736767e-01
8.987256374020797800e-01
8.178562345571530612e-01
