9.471852373824138915e-01
9.046595704882298694e-01
8.853827253582767787e-01
8.813646514904559526e-01
8.848871302249800008e-01
8.894052181531432177e-01
8.917836106309233735e-01
8.908739479746643486e-01
8.866014701936555387e-01
8.792509222160155291e-01
8.690096052467579657e-01
8.558462701678209994e-01
8.396187270482144971e-01
8.202443806904679002e-01
7.977919029804473317e-01
7.730331723002251687e-01
7.460122008728244936e-01
7.173957431163333620e-01
6.891756731581667461e-01
6.647177313689287548e-01
