9.729476961199176044e-01
9.208884227490133911e-01
8.941318582077087962e-01
8.847964435856868759e-01
8.845607459343188816e-01
8.863078745997100549e-01
8.869044936820448255e-01
8.847710147411239623e-01
8.794597708860771856e-01
8.711005961876797654e-01
8.599170544571176356e-01
8.459921044753969666e-01
8.292739709690213346e-01
8.097141395215463611e-01
7.873902012279061502e-01
7.625477621452346755e-01
7.363408346373540025e-01
7.088833629096005229e-01
6.819996216479711215e-01
6.587664512395305927e-01
