9.770973535168013813e-01
9.237765341993577906e-01
8.960650871323728728e-01
8.860629382120421837e-01
8.852957232630297435e-01
8.866131105703124460e-01
8.868434361665838983e-01
8.843905072944320267e-01
8.788023324123798163e-01
8.702065821943877344e-01
8.588221522390516727e-01
8.447265288954270979e-01
8.278647099030431722e-01
8.081912857601646349e-01
7.857924375883058588e-01
7.609203950297179775e-01
7.347339011051210456e-01
7.073119735160964261e-01
6.804581321813620853e-01
6.572258218725914869e-01
