9.585662705804909312e-01
9.255952464548136138e-01
9.209340666512125795e-01
9.360751064847004921e-01
9.479399325158280876e-01
9.486573908889153195e-01
9.401166176128964436e-01
9.297711677764372018e-01
9.225938416868268988e-01
9.144897880151887648e-01
9.046624293722316246e-01
8.926481550205922488e-01
8.788777685445707810e-01
8.601909630813479035e-01
8.354035971018234363e-01
8.034284616172274740e-01
7.619405802034068254e-01
7.124105584085469456e-01
6.571407592164120182e-01
6.018394468645671402e-01
