9.956284011082000562e-01
9.483570494161871478e-01
9.288183044942271982e-01
9.281770228757888486e-01
9.341400031756300626e-01
9.339212440940121152e-01
9.233430090287827463e-01
9.088068651716884050e-01
8.966625929421647712e-01
8.846847440471918844e-01
8.727940588325516780e-01
8.607353172686198484e-01
8.486246921016783462e-01
8.333331258404991226e-01
8.114958961084172140e-01
7.817847824876327234e-01
7.429248826356952273e-01
6.965230162487712207e-01
6.445758272092889651e-01
5.915576625736336247e-01
