9.947413998751311048e-01
1.026229410420320898e+00
1.040477458760309837e+00
1.033548172315299274e+00
9.898848116129681518e-01
9.303496655619745148e-01
8.719421521483529114e-01
8.188165194984667883e-01
7.919163778902921225e-01
7.787975010303448409e-01
7.768194950215501215e-01
7.834926653140561470e-01
7.944139948141930585e-01
8.025881272136329292e-01
8.003526444910307180e-01
7.829616194768660442e-01
7.519652908811488290e-01
7.122963447358875433e-01
6.615067604818730684e-01
6.014126087504757523e-01
