9.969964107016684451e-01
1.008071278536593951e+00
1.025786852979171382e+00
1.024061524069128426e+00
9.888215837637989170e-01
9.311561509661722136e-01
8.710385030103096060e-01
8.153810341842687714e-01
7.819469482206757860e-01
7.652555381830347114e-01
7.599685338248999278e-01
7.649897779711536394e-01
7.754184287258121255e-01
7.850321596800232671e-01
7.858078471952553157e-01
7.721523229680335998e-01
7.446694923535794874e-01
7.075504838300338273e-01
6.588242771514560836e-01
5.999100242612019906e-01
