1.320115728355554907e+00
1.332796225082113484e+00
1.189025448094096493e+00
1.089116517828266684e+00
1.042209230809349130e+00
1.038195044008426882e+00
1.038344548641858767e+00
1.037932441448394361e+00
1.036862190987069887e+00
1.035004509552156282e+00
1.032203171071067516e+00
1.028281510655203679e+00
1.023053177729051466e+00
1.016372767577293335e+00
1.008266817656017000e+00
9.990987844105170268e-01
9.891965425351580965e-01
9.770963772866827490e-01
9.704656645438406448e-01
1.019830402833109106e+00
