9.925865022492231793e-01
1.024042307990013168e+00
1.040621897422552733e+00
1.022005166900216144e+00
9.533545979626915079e-01
8.705842984215338420e-01
7.947581180498808351e-01
7.332382194625083338e-01
7.013622428801707942e-01
6.968628936380767414e-01
6.990308602324341036e-01
7.052978573288306574e-01
7.148306279763766424e-01
7.309304963581694237e-01
7.581188578328176275e-01
7.753103457672781973e-01
7.758989896902421801e-01
7.568396746018640764e-01
7.245597689128242536e-01
6.820875164231597898e-01
