1.026818263502039308e+00
9.813966775781393093e-01
9.995462387649070024e-01
9.970384006931065635e-01
9.590625892948203557e-01
8.874642943672876871e-01
8.093780741906191345e-01
7.401865921779349211e-01
6.930769012276249974e-01
6.694976369845602182e-01
6.738484152492096868e-01
6.791849218639274266e-01
6.871605028154431638e-01
6.997198682912879608e-01
7.212787550404257120e-01
7.486548472778810082e-01
7.600986158669903459e-01
7.507495269332792320e-01
7.229403290533010784e-01
6.858106161217326635e-01
