1.322033361084575809e+00
1.334404333295266198e+00
1.195696681875618506e+00
1.096413066761340982e+00
1.046855701085066981e+00
1.042588556459776328e+00
1.042745550083833850e+00
1.042364435522419752e+00
1.041350181386877960e+00
1.039578574118469545e+00
1.036897263886953358e+00
1.033131988687904457e+00
1.028095151596036594e+00
1.021630994344157051e+00
1.013736316880196497e+00
1.004713249719064505e+00
9.947900537698228796e-01
9.822663493259751188e-01
9.740351408231134878e-01
1.021926055438427960e+00
