1.010740309500269607e+00
9.764391109355865517e-01
1.005379199596818651e+00
9.941100211619497973e-01
9.300665700023624805e-01
8.388843287708633856e-01
7.545105594040270036e-01
6.900420857015749920e-01
6.717461177260584115e-01
6.776566207995229352e-01
6.834185596567733390e-01
6.882019504743801530e-01
6.953371873303388906e-01
7.075212693265733321e-01
7.286855825905553807e-01
7.669469853199959442e-01
8.110927902749043295e-01
8.239448528157284901e-01
8.031170419829106732e-01
7.696051929074457787e-01
