1.029639136466052429e+00
9.760635198917756439e-01
9.925239922686963645e-01
9.907331224972886208e-01
9.438776140145760385e-01
8.604710600363937312e-01
7.761114836818108209e-01
7.058630139414063809e-01
6.684037464319459998e-01
6.766504681098086671e-01
6.842100446330010577e-01
6.901176439527128004e-01
6.968556809203541036e-01
7.080142795919839305e-01
7.274247768435745387e-01
7.630265861977695296e-01
8.087690612881019980e-01
8.239393713179210543e-01
8.042197157972245103e-01
7.702344407467222043e-01
