1.036273803336555943e+00
9.779970491421506873e-01
9.853734927735843252e-01
9.837834334417514537e-01
9.397578413688509880e-01
8.587334469145493365e-01
7.748180999784907153e-01
7.045317890731064292e-01
6.654774732383679225e-01
6.753843351875676859e-01
6.841544924841234110e-01
6.907143057777708206e-01
6.971109417039544898e-01
7.075434562530737992e-01
7.253767174823472219e-01
7.575388052289246943e-01
8.053802700603719389e-01
8.232765502129991697e-01
8.051385897105066691e-01
7.714923357169199969e-01
