1.035151631753435719e+00
9.756337724550532275e-01
9.809745462495986779e-01
9.722680357424764441e-01
9.217174872937754504e-01
8.376587012227754148e-01
7.536969476223760456e-01
6.860141583008441124e-01
6.614109919902446677e-01
6.722818192528428050e-01
6.816548691109114433e-01
6.883995811075855897e-01
6.948271737768414447e-01
7.052793772326726440e-01
7.223534990363283947e-01
7.510481096419010516e-01
8.000988593137696725e-01
8.203189249751627887e-01
8.045172787254435409e-01
7.729958684669072655e-01
