8.802450013573197563e-01
8.562085710356407420e-01
8.322562123295839109e-01
8.109280509562989403e-01
7.929617986492490944e-01
7.783054716189701239e-01
7.666497325503799365e-01
7.576275071119747961e-01
7.508859440677544406e-01
7.461121225715947602e-01
7.445805150738370459e-01
7.478945351043742029e-01
7.516780557698639065e-01
7.557802761487338872e-01
7.602279090586745447e-01
7.650063065970061915e-01
7.701586800058035642e-01
7.798256160087099209e-01
7.863701306096989585e-01
6.581214370665517954e-01
