8.937565690022561959e-01
8.668168930770060454e-01
8.404886555781786450e-01
8.172617531764123644e-01
7.977855359458010387e-01
7.819057682261773001e-01
7.692416238267204553e-01
7.593768030067141739e-01
7.519256652838546273e-01
7.465525445997780452e-01
7.444958325407474709e-01
7.475593628220547071e-01
7.511595425062128628e-01
7.551352012121772539e-01
7.595138860220701504e-01
7.642829749356262470e-01
7.694941881859308497e-01
7.789622606032891028e-01
7.921627902821107847e-01
6.962837589727597365e-01
