8.986655936243946874e-01
8.706059523054330285e-01
8.434109792724183707e-01
8.195069269000697654e-01
7.994931594697668453e-01
7.831837623434699802e-01
7.701685424243799316e-01
7.600124834846293531e-01
7.523172568321773168e-01
7.467384441447362242e-01
7.445179372230131820e-01
7.474980362730738737e-01
7.510362394973663092e-01
7.549697877822593162e-01
7.593261675008676770e-01
7.640934448717439098e-01
7.693289992636379582e-01
7.787953752890925951e-01
7.934082750103754744e-01
7.110002159310380154e-01
