8.863558596264317080e-01
8.576021975636950456e-01
8.292381273620937909e-01
8.037186885937468439e-01
7.817765250438706293e-01
7.633968180728852859e-01
7.483181630418044294e-01
7.362045646234270935e-01
7.267129010737296557e-01
7.256667778259278112e-01
7.280036539528440542e-01
7.308510315372589439e-01
7.341441562052515302e-01
7.378915185330816584e-01
7.420865883677222330e-01
7.467258743633494733e-01
7.518000161012716731e-01
7.573353835312685023e-01
7.653954796367454794e-01
7.679082581593809076e-01
