8.906574614098934362e-01
8.608334536499501199e-01
8.316112255838286060e-01
8.054185284012476131e-01
7.829543420658735542e-01
7.641615559909207267e-01
7.487482741605288039e-01
7.363584578759135857e-01
7.266352293633521198e-01
7.254217401060146786e-01
7.276440463072152420e-01
7.303978681683889196e-01
7.336171654198367920e-01
7.373100145481548129e-01
7.414702290820808228e-01
7.460941724536219732e-01
7.511719495135836810e-01
7.567393789508484181e-01
7.651031888133406067e-01
7.705637510845982918e-01
