8.942659193567228382e-01
8.635483642583333674e-01
8.336095316597544880e-01
8.068546631970207050e-01
7.839562549487343324e-01
7.648209643554111370e-01
7.491308333992926505e-01
7.365120334641670485e-01
7.265963491149343145e-01
7.252552903144313667e-01
7.273825584424293833e-01
7.300578010473796065e-01
7.332140518765701831e-01
7.368596675492282699e-01
7.409882859572647362e-01
7.455961671172286476e-01
7.506732873416536167e-01
7.562646556147568644e-01
7.648998905731817510e-01
7.723481859875690470e-01
