8.654175559729887501e-01
8.370458541969529875e-01
8.081207871085538397e-01
7.811728411739763400e-01
7.572311168585317276e-01
7.366493144728554210e-01
7.194498720230900757e-01
7.054610210301421880e-01
7.025164769379562690e-01
7.038467771862235711e-01
7.057011530232584207e-01
7.079915534858014503e-01
7.107185847770567388e-01
7.138593688636549750e-01
7.173903626273927525e-01
7.212882559212937528e-01
7.255285518406291434e-01
7.300854413547895883e-01
7.349326922059818967e-01
7.400779834724126038e-01
