8.714067812100504407e-01
8.415088401983521482e-01
8.113486027645856469e-01
7.834416229052864056e-01
7.587611604131616616e-01
7.376045398119328578e-01
7.199504046694445991e-01
7.055967968353606956e-01
7.023176618408517591e-01
7.034659053622464020e-01
7.051865369659734428e-01
7.073861958429186192e-01
7.100658061765061646e-01
7.132032220219501895e-01
7.167761383909737605e-01
7.207626383253542546e-01
7.251412549864056922e-01
7.298903515282461063e-01
7.349926152751589115e-01
7.404569753619241190e-01
