8.759827457061701850e-01
8.447571071860330294e-01
8.135366488732319601e-01
7.848149720099424353e-01
7.595158193111182232e-01
7.378840066163198097e-01
7.198591082056198243e-01
7.052114916191616345e-01
7.017371482505871949e-01
7.027456039278476840e-01
7.043630091940841220e-01
7.064951653035791423e-01
7.091429830988901228e-01
7.122845005848522648e-01
7.158981142219085214e-01
7.199640366520347889e-01
7.244627758710060483e-01
7.293758253956367232e-01
7.346923860594263278e-01
7.404242834639849224e-01
