8.734191274929695714e-01
8.370462825590259115e-01
8.005182088421278763e-01
7.665135210680230626e-01
7.362956025609133093e-01
7.104416983024701704e-01
6.890611821110629309e-01
6.780412732575207269e-01
6.769395076849222814e-01
6.767884909149697314e-01
6.772669317369287567e-01
6.783711339246590866e-01
6.800400045086575362e-01
6.822031596935489439e-01
6.847826111362584900e-01
6.876882098973198243e-01
6.908122652505856998e-01
6.940245712557628899e-01
6.971673506623685679e-01
7.001452055299852706e-01
