8.745991470527119116e-01
8.378054387486059129e-01
8.010103913532530262e-01
7.667978180682459843e-01
7.364192554208967012e-01
7.104370574971309305e-01
6.889505790373977590e-01
6.778458381832803692e-01
6.766841451046201605e-01
6.764856013605746732e-01
6.769287630660163479e-01
6.780109533081664086e-01
6.796718803477643789e-01
6.818431392075323672e-01
6.844494335374746719e-01
6.874033308921272400e-01
6.906021223630773864e-01
6.939212816521074245e-01
6.972063300838556854e-01
7.003763832883682650e-01
