1.301544528204039874e+00
1.308879784669713109e+00
1.155650922650443668e+00
1.013084122096674644e+00
9.977211308679705404e-01
9.954393667719133587e-01
9.927748510810409099e-01
9.882316568039557492e-01
9.815221166384450191e-01
9.725338897412004746e-01
9.616979922434757411e-01
9.502813925791581129e-01
9.400748301325022593e-01
9.324493660804994422e-01
9.278406850591163213e-01
9.260276238797019444e-01
9.265930261231739573e-01
9.293328349512919306e-01
9.338882174542972869e-01
9.375855165069645336e-01
