8.610782044511576805e-01
8.205411030097155001e-01
7.796368929963860550e-01
7.409456281261633803e-01
7.065441483728653882e-01
6.776000573589378018e-01
6.545153679166482164e-01
6.511245333398288926e-01
6.491749212253118406e-01
6.479201979562130287e-01
6.473390977271398228e-01
6.472866835277355513e-01
6.475841873403589410e-01
6.480600060359862358e-01
6.483449321985161884e-01
6.479918117158849356e-01
6.463154261384445043e-01
6.422902372334227117e-01
6.348768734236847067e-01
6.258155974894055174e-01
