9.588954351407578125e-01
8.670695931865914918e-01
8.428906449243867005e-01
8.267514276613204816e-01
8.131215427088197556e-01
8.020161696035321697e-01
7.932943232008315970e-01
7.866217143979696846e-01
7.816983901508384180e-01
7.782784309921548793e-01
7.761639748140016781e-01
7.751976982360225810e-01
7.767594117111557006e-01
7.802504514760857379e-01
7.842115826590645433e-01
7.915443074550158054e-01
8.147036732562381589e-01
8.359220425755292672e-01
7.805382081590627186e-01
7.184773189491692191e-01
