9.653945400612624628e-01
8.706947831829839890e-01
8.452127940775221449e-01
8.287231102613754619e-01
8.148227292028018542e-01
8.035010666424486914e-01
7.946002323804365330e-01
7.877840646122913348e-01
7.827458354157822429e-01
7.792344082610112022e-01
7.770483361873884443e-01
7.760273327385099895e-01
7.775458678261026879e-01
7.810331866187741889e-01
7.850004456875815384e-01
7.922581329642029990e-01
8.145394178735170243e-01
8.359674474039028302e-01
7.833019171648371026e-01
7.202830486582365577e-01
