1.305438725802113176e+00
1.312873420183985340e+00
1.167055771925138874e+00
1.033008386836008041e+00
1.009917028233491720e+00
1.007478164740797988e+00
1.005237826211931473e+00
1.001264634349531946e+00
9.952357726105092173e-01
9.868984127856185173e-01
9.763713348794424984e-01
9.645298488025629835e-01
9.530579669164747081e-01
9.436971099611288771e-01
9.373541007949166559e-01
9.340479205831595522e-01
9.334010203060544297e-01
9.351568463153899780e-01
9.389150096818507096e-01
9.420490264640779543e-01
