9.436099240966761004e-01
8.530640844396156774e-01
8.358235225537063995e-01
8.203009703286101573e-01
8.069796947148445421e-01
7.960077600245635265e-01
7.872107892887251213e-01
7.803020168661114475e-01
7.750307555164061002e-01
7.711899961339455656e-01
7.708970035443591939e-01
7.741347389808350687e-01
7.777936942419803046e-01
7.817803132165259683e-01
7.860947918552978475e-01
7.908448789580627691e-01
8.017667400664856281e-01
8.295008336060896159e-01
8.098745433133637261e-01
7.118426126688961464e-01
