9.547667308239193851e-01
8.578833668582380723e-01
8.398226661592843589e-01
8.236859953783145505e-01
8.098650595636467386e-01
7.984766357713958262e-01
7.893406936775873017e-01
7.821528982627472537e-01
7.766496738936633504e-01
7.726150964472614513e-01
7.721549402322412936e-01
7.753160955194219328e-01
7.789135717584578789e-01
7.828500612895389343e-01
7.871309383285326478e-01
7.919386629505835717e-01
8.024408188970639788e-01
8.286794270465005496e-01
8.155564511262799465e-01
7.190723289288923903e-01
