8.527573878023627652e-01
8.194558797408979522e-01
8.075461230404776813e-01
7.955327161590151075e-01
7.844092004699796394e-01
7.743820717130466269e-01
7.654166456629462045e-01
7.574480474009447351e-01
7.558489611633117944e-01
7.590606129936779967e-01
7.624846222956480624e-01
7.660017235676440661e-01
7.696504784038501468e-01
7.734409406357124483e-01
7.773818309230908774e-01
7.814809072973096793e-01
7.857256860926620234e-01
7.901873293081582705e-01
7.988511827490981654e-01
7.901277532045473118e-01
