8.938793458057000541e-01
8.343062474008616780e-01
8.190732623138654578e-01
8.044348362385477236e-01
7.911545954752713383e-01
7.793609729212029880e-01
7.689270210707150888e-01
7.597237310691026257e-01
7.569496362613183926e-01
7.595890006554999463e-01
7.625289876986105497e-01
7.656292518397882496e-01
7.689307026796230460e-01
7.724440355764290445e-01
7.761785829756350230e-01
7.801436470096942966e-01
7.843282050561937169e-01
7.888206551306127245e-01
7.979728687549095811e-01
7.994671622826396984e-01
