8.506249586819273345e-01
8.226071804866076365e-01
8.082887289264015784e-01
7.938610184672679759e-01
7.800757220233049960e-01
7.670078795823304096e-01
7.546270100603855724e-01
7.459126157401377855e-01
7.476512622638049610e-01
7.497146676883889027e-01
7.517705347736490795e-01
7.539192137620985834e-01
7.561957234411172957e-01
7.586254752510127597e-01
7.612244533343337505e-01
7.639918118631462418e-01
7.669032814946546983e-01
7.699052132853885233e-01
7.729137049504964940e-01
7.758024264622450650e-01
