8.691447705857845429e-01
8.286927287152268118e-01
8.126521190257647298e-01
7.970674043349663673e-01
7.823240380350169332e-01
7.684676391474335455e-01
7.554345157567264879e-01
7.460234253177088215e-01
7.474610065838251938e-01
7.492781956369939378e-01
7.511294392403121689e-01
7.531185146897555471e-01
7.552812934148058766e-01
7.576455973173263914e-01
7.602294082279883458e-01
7.630358635503440290e-01
7.660457005282717002e-01
7.692140075434382718e-01
7.724707635203174050e-01
7.757044679862438175e-01
