7.886056308702107387e-01
7.648897226967965590e-01
7.831739753652203762e-01
7.322607540139517424e-01
7.240762518839356510e-01
7.213753178994984916e-01
7.189613376099837083e-01
7.172256221084044592e-01
7.162554597343078200e-01
7.160155760083881660e-01
7.164574935592747940e-01
7.175271215365088828e-01
7.189155311000158255e-01
7.261922902996238438e-01
7.497504012044927668e-01
7.810614621982995276e-01
7.928303036544767091e-01
7.604449302083564621e-01
7.106350769153333413e-01
6.631289319288056205e-01
