1.313484859314180131e+00
1.320623957314690511e+00
1.191623049446196569e+00
1.070802479933929297e+00
1.033311457369569641e+00
1.030010714344292921e+00
1.028363160028165524e+00
1.025263647745237705e+00
1.020387181239853724e+00
1.013367689898442947e+00
1.003959157816767034e+00
9.923529553816526905e-01
9.795822914325075237e-01
9.674846509014685125e-01
9.578069438445629968e-01
9.513447013692273302e-01
9.480399256784680651e-01
9.476054960137935135e-01
9.495652562549515840e-01
9.514672667473703660e-01
