8.603767150090241289e-01
8.638864214382939721e-01
8.318607909951543089e-01
7.617104929734431762e-01
7.479746049298665600e-01
7.432951117405319774e-01
7.392973558532359712e-01
7.362383221130016642e-01
7.342150698061613578e-01
7.331345244349943835e-01
7.329139842993657172e-01
7.334518544643996441e-01
7.334788275327670526e-01
7.346942473230981818e-01
7.494648188828980651e-01
7.754188987182011328e-01
7.917777919605488712e-01
7.666014121623687672e-01
7.207951138194237384e-01
6.739846325827502094e-01
