8.171890174933489348e-01
8.074855818919773887e-01
8.010386257153994105e-01
7.444868984290974323e-01
7.421514206152036719e-01
7.395683563265300631e-01
7.373212288838830730e-01
7.358560227151579314e-01
7.352060682367244082e-01
7.353337708621284774e-01
7.361894918976155111e-01
7.377225724769235216e-01
7.419208422810765757e-01
7.474192091342128919e-01
7.580864877083296482e-01
7.856965573321333940e-01
8.212886101837588715e-01
8.195832876032157488e-01
7.610257814035440438e-01
7.158459090895499255e-01
