8.501578042503762367e-01
8.520209476826060557e-01
8.244190771823364239e-01
7.571671181135242179e-01
7.536439237359612298e-01
7.501199837529726189e-01
7.470861011669390761e-01
7.449402614466469341e-01
7.437257376053963975e-01
7.433821149872885670e-01
7.438427094898859560e-01
7.450471223102159701e-01
7.490153228812911346e-01
7.540242558284405705e-01
7.623472623417877347e-01
7.856202209075567877e-01
8.190441114766050523e-01
8.236582542387402839e-01
7.679268797590130813e-01
7.221225608390985373e-01
