8.669579931999364941e-01
8.728696629724757017e-01
8.361609243118593993e-01
7.634976553233836505e-01
7.594003744593829097e-01
7.554172719798667446e-01
7.519966117628853475e-01
7.495092431511533038e-01
7.480120458856366339e-01
7.474342361717248862e-01
7.477019640594153582e-01
7.487498677742638886e-01
7.525674880232916530e-01
7.573348490214466544e-01
7.648343833975443928e-01
7.861652413845364729e-01
8.179687227088477952e-01
8.250205213056783782e-01
7.712820441564522955e-01
7.253583474411563481e-01
