1.315337943163923162e+00
1.322337604139633083e+00
1.197442435026547125e+00
1.079122582184587786e+00
1.038542150662385088e+00
1.034953404782905206e+00
1.033401580017737409e+00
1.030458081100002588e+00
1.025804250172407617e+00
1.019067326453494182e+00
1.009957008274293466e+00
9.985469411103513604e-01
9.856967065533521755e-01
9.731513301703341723e-01
9.627770115216028879e-01
9.555769335686132848e-01
9.516221925482210020e-01
9.506391762190861128e-01
9.521421545766747263e-01
9.537404997179578237e-01
