8.385617820134841915e-01
8.427692904980725874e-01
8.086925251820674676e-01
7.582972262907150540e-01
7.559770990823332371e-01
7.532254861219221942e-01
7.508536234279135080e-01
7.492420366570125001e-01
7.484124950169135371e-01
7.483365453488691754e-01
7.495675327234307961e-01
7.549600183772048334e-01
7.606940402474596796e-01
7.666549270514010361e-01
7.740165090596811126e-01
7.873248414049571764e-01
8.190398876457370969e-01
8.489508946507307030e-01
7.990350914523993708e-01
7.275029213762064240e-01
