8.654689258162860943e-01
8.738710923621929583e-01
8.311893941375666506e-01
7.687919350659428996e-01
7.655543031524901787e-01
7.620511232644425759e-01
7.589281214512426654e-01
7.566666439402933708e-01
7.552712830719064963e-01
7.546998173667240906e-01
7.553059267743461591e-01
7.604600894311268622e-01
7.659866391000551555e-01
7.717552613548286367e-01
7.787885616837081360e-01
7.901981575333328900e-01
8.180807279416206779e-01
8.487784813361157754e-01
8.105837271293890867e-01
7.352567053894693005e-01
