8.681177106100498309e-01
8.768180389512906237e-01
8.335726334331955423e-01
7.696046415408402952e-01
7.662344369307546588e-01
7.625977141520964286e-01
7.593509874009181093e-01
7.569812917306448785e-01
7.554920109804181827e-01
7.548387504767195555e-01
7.553877436487660413e-01
7.604982041267698278e-01
7.659887400909127786e-01
7.717598293901891671e-01
7.788580171429172472e-01
7.905833477882476812e-01
8.186403446478488499e-01
8.485333859426980041e-01
8.100517669740557869e-01
7.355190440468726276e-01
