8.055121654355781313e-01
8.136876998470468081e-01
7.711291958249776313e-01
7.503846076947205956e-01
7.498404373296385650e-01
7.484699281682002381e-01
7.472548815662508614e-01
7.464648822062235345e-01
7.461743068933219813e-01
7.475142541388083428e-01
7.538050972201149058e-01
7.603320471422229110e-01
7.669323996892498663e-01
7.736301229068820451e-01
7.804464391728228589e-01
7.893255014436220129e-01
8.081170375878440337e-01
8.456849968240720550e-01
8.208781838510906814e-01
7.062980001295586785e-01
