8.265492936183664874e-01
8.365012331713914673e-01
7.879210965481941997e-01
7.579043197516867059e-01
7.564655747625910198e-01
7.543386195602305166e-01
7.524390883143007303e-01
7.510526011440361582e-01
7.502384463678495319e-01
7.509000191597994256e-01
7.569340783580237320e-01
7.632348256969652134e-01
7.696235501261302625e-01
7.761262238124300161e-01
7.827691078119802803e-01
7.915499378351539272e-01
8.085550603438734774e-01
8.445062205772375652e-01
8.281395009947544184e-01
7.149405995120240442e-01
