8.433434556896712841e-01
8.550349305602324979e-01
8.015579315222737256e-01
7.639101498904402598e-01
7.617503329407533386e-01
7.589862044389628082e-01
7.565206794901891962e-01
7.546394082036026463e-01
7.533903895966556075e-01
7.535067485412320076e-01
7.593266779464905580e-01
7.654398226366987412e-01
7.716552958444453658e-01
7.780012040294234099e-01
7.845065189791315952e-01
7.932026204525456370e-01
8.087529320645738817e-01
8.431498370261467645e-01
8.340730711734770653e-01
7.232356242719492068e-01
