8.690337067663291837e-01
8.828543145513571000e-01
8.243328750281712081e-01
7.731882814714781116e-01
7.700405283933345890e-01
7.662798463904877400e-01
7.629079717113107506e-01
7.602464259344664521e-01
7.583077100302556550e-01
7.575087428265848688e-01
7.629841698872211753e-01
7.687974824452324940e-01
7.747364349008256657e-01
7.808349597119947916e-01
7.872238612916113709e-01
7.956798369562261275e-01
8.091095319807183328e-01
8.405125248044766906e-01
8.428395493755724832e-01
7.392451779761228803e-01
