7.831013118944827323e-01
8.039404745813067965e-01
7.444417681367883066e-01
7.476245971970663096e-01
7.481042245531643875e-01
7.476292906695622964e-01
7.469876833065198785e-01
7.464323295075206977e-01
7.463907746704306900e-01
7.534499499227937935e-01
7.606586914426498591e-01
7.677581783726808995e-01
7.747897868892543727e-01
7.817532827603010936e-01
7.886404288342270252e-01
7.954508611715830346e-01
8.037576964326671458e-01
8.222708055130631966e-01
8.429063285317264231e-01
7.078398197741908593e-01
