1.749547183528370020e+00
1.577455724203976839e+00
1.170731144899433973e+00
1.024736608388880033e+00
1.019589753809868604e+00
1.020223685723748552e+00
1.060441936001078611e+00
1.146881904077696968e+00
1.259152354830021192e+00
1.373405329772921846e+00
1.456498532831837833e+00
1.478911134657581616e+00
1.435290813879456673e+00
1.357738863230423920e+00
1.291892177993158253e+00
1.258372676627189213e+00
1.238728931580669546e+00
1.193932370715374836e+00
1.123130237424093236e+00
1.068961435956532924e+00
