1.430931699925957368e+00
1.209929301107937949e+00
1.017159538210159919e+00
8.576900966497653656e-01
8.055980538810578739e-01
7.881833483785126715e-01
7.693219002455427002e-01
7.514894818782983377e-01
7.347434907215594224e-01
7.205104664667366654e-01
7.043436150799164963e-01
6.841656966483311564e-01
6.682891112167442804e-01
6.636275293232407613e-01
6.604671187768720308e-01
6.544650989418461240e-01
6.496172514559964695e-01
6.433349914641280920e-01
6.292800433113943104e-01
6.093719026678388051e-01
