1.462035393910629422e+00
1.221406191171511946e+00
1.004417473333708788e+00
8.421989679295179831e-01
7.789968195999199541e-01
7.634240274621496569e-01
7.479632050675637522e-01
7.325972511821778888e-01
7.180919520128848932e-01
7.046782036371770364e-01
6.912472519429173623e-01
6.738330176315294739e-01
6.549714646599658074e-01
6.481831480677239243e-01
6.474210887076203846e-01
6.432260565041640898e-01
6.395727936908400801e-01
6.345159858062565661e-01
6.219453351473005487e-01
6.034570910183413295e-01
