1.465122674655562340e+00
1.209933200843895218e+00
9.746554690025348577e-01
8.140908205989487723e-01
7.550713564899294017e-01
7.405656924284200748e-01
7.283815311583762275e-01
7.149415022933912622e-01
7.025017842328389328e-01
6.897589191508245454e-01
6.789828878608574758e-01
6.647365116400993923e-01
6.467212613401207566e-01
6.338084385187103820e-01
6.299693127569012674e-01
6.275798689194023172e-01
6.252821184466370585e-01
6.222502400638894038e-01
6.125663597939867699e-01
5.963483978745767189e-01
