1.486590895892856867e+00
1.239511270542678734e+00
1.002549250776377576e+00
8.347583491005546863e-01
7.572026782318820315e-01
7.426396746964513129e-01
7.285201866763615364e-01
7.150653888641411715e-01
7.024378193842928386e-01
6.896651282563410756e-01
6.786306600906599762e-01
6.642124555267658881e-01
6.465242582749504141e-01
6.338799161659385284e-01
6.350015547440673869e-01
6.328232592470581785e-01
6.304626224225620135e-01
6.267491727472473961e-01
6.160572105134012322e-01
5.991863356817992425e-01
