1.488046557890445376e+00
1.241457548611752060e+00
1.003066525588782731e+00
8.346775695001320550e-01
7.552569929797116055e-01
7.406271053264895654e-01
7.261815261359990670e-01
7.128419078185431745e-01
7.003026205603133381e-01
6.876636168069163446e-01
6.767118321057988828e-01
6.624091089625854245e-01
6.449394253007458833e-01
6.326878782497240561e-01
6.338813626828050385e-01
6.318189595581373830e-01
6.295818635576452271e-01
6.259007824393953978e-01
6.153309322226211409e-01
5.986794797381290723e-01
