1.474087283012009975e+00
1.221665074522989780e+00
9.964237929000279159e-01
8.237897447091427905e-01
7.723704535453064235e-01
7.517337884514276869e-01
7.363259166698717939e-01
7.218549062391211857e-01
7.096421042303733273e-01
7.006732064361296253e-01
6.957973223989919465e-01
6.928251578618794815e-01
6.868835845170788712e-01
6.729169117919047149e-01
6.553918897528367982e-01
6.455483657076686033e-01
6.412874739221405829e-01
6.363181917603926152e-01
6.307988344781330081e-01
6.191390773045543083e-01
