1.486586759056217621e+00
1.230514554125485827e+00
9.955053980915025136e-01
8.202178370515671446e-01
7.618873841331108565e-01
7.421242842625953573e-01
7.272648271805813858e-01
7.137983747163012538e-01
7.022673917921981035e-01
6.938045254865932154e-01
6.888538555510674843e-01
6.867364794330979016e-01
6.823074488005020921e-01
6.696908828446949125e-01
6.527739277145551133e-01
6.416245258778945360e-01
6.384677139882100061e-01
6.340848598010500048e-01
6.290962740156182953e-01
6.180137314310885088e-01
