1.714585230252397174e+00
1.612460094877485206e+00
1.188104495021903517e+00
1.010236114118484352e+00
1.002606692869306482e+00
1.002656015453436522e+00
1.004525792635765580e+00
1.068600171483053973e+00
1.170337341450486957e+00
1.289811451986682567e+00
1.391831099311617415e+00
1.436279186541300934e+00
1.405899611762388313e+00
1.331428093799843282e+00
1.267981352603089196e+00
1.239340034346091635e+00
1.220944708284855462e+00
1.170937313976809557e+00
1.103352565887065762e+00
1.053125239653229794e+00
