1.502069041514665360e+00
1.247835180235662200e+00
9.996666772844592375e-01
8.191458751530797944e-01
7.476293005516870815e-01
7.287289908822637274e-01
7.141575246674187749e-01
7.013400052165237319e-01
6.908147669707331850e-01
6.831094531956334315e-01
6.781092545130125160e-01
6.769981169424987844e-01
6.744309089806654889e-01
6.638752648368575482e-01
6.482632250156015186e-01
6.363721996767963685e-01
6.330952940363301362e-01
6.296314138142895533e-01
6.256831068160439990e-01
6.159338841370447515e-01
