1.504671263126098779e+00
1.254308785558549966e+00
1.000762744126860060e+00
8.179777878376178757e-01
7.401975631102181152e-01
7.216354675842626687e-01
7.067753793951747632e-01
6.942132808806386057e-01
6.842391450289280197e-01
6.769907570212374548e-01
6.721922807032852942e-01
6.714344031951120506e-01
6.693567743117936342e-01
6.594803753823126335e-01
6.448482561213666475e-01
6.337090311122608455e-01
6.291434480190710721e-01
6.262825802896916372e-01
6.230633866033625790e-01
6.142281881538910193e-01
