1.469969517063005160e+00
1.200255006252562984e+00
9.583870827247507052e-01
7.846606113976033470e-01
7.496572298923496191e-01
7.267935870609928406e-01
7.096262834994675472e-01
6.965837808111481344e-01
6.864133523039268603e-01
6.809887333634550011e-01
6.841928360542592902e-01
6.933159767098534543e-01
7.017159141778565035e-01
6.968787803157682204e-01
6.681076544554238605e-01
6.329977713497483283e-01
6.063477521974058870e-01
5.945204310260838731e-01
5.785758054776310999e-01
5.483796678736201358e-01
