1.481051019124718149e+00
1.209277069245143554e+00
9.583273813342880754e-01
7.804881713835017942e-01
7.399224118934705219e-01
7.178658156624267983e-01
7.012199712627212866e-01
6.885231488213257034e-01
6.789911103566976802e-01
6.740037290045259866e-01
6.772093771804232887e-01
6.862272514540679325e-01
6.956595879366485047e-01
6.932905813564551600e-01
6.668767140151593553e-01
6.316052878135991477e-01
6.049965618929817879e-01
5.917086811742969799e-01
5.764676928335275008e-01
5.468691981421029968e-01
