1.420070041662282012e+00
1.139106738840712119e+00
8.978031513118055473e-01
7.676697234584017870e-01
7.349919090956982259e-01
7.113098173087362142e-01
6.944712529677457002e-01
6.828306359705510475e-01
6.752033301368586260e-01
6.785084419413954793e-01
6.881747284270424148e-01
7.021453031205286965e-01
7.169443097133226805e-01
7.094285167667447878e-01
6.402368711863267725e-01
5.726667604247215326e-01
5.430519684258474644e-01
5.206545162302999019e-01
4.903040929217770127e-01
4.677821014554844337e-01
