1.456919587481178668e+00
1.169385155019557754e+00
9.082540023326816092e-01
7.457543376044385441e-01
7.167792105173028672e-01
6.947647176729855323e-01
6.788356525090593063e-01
6.678014097649542791e-01
6.610376762653451532e-01
6.639099834971220471e-01
6.740735190096565077e-01
6.880324738038825494e-01
7.040640865882679122e-01
7.029083528392450209e-01
6.438510426686370192e-01
5.696749771123021944e-01
5.390782337044657258e-01
5.172043185063504023e-01
4.870677009634845622e-01
4.625595215055465226e-01
