1.463695252879372743e+00
1.180864074803635866e+00
9.146835959652127590e-01
7.403411937187545089e-01
7.099257783787913390e-01
6.885386002701805452e-01
6.730594815423514010e-01
6.623735690129213260e-01
6.558923570616916887e-01
6.584212214077059810e-01
6.686637793045624445e-01
6.826953143589180595e-01
6.989352898163727623e-01
7.003841099671939130e-01
6.464073202340814284e-01
5.689977323134525200e-01
5.377003895551372148e-01
5.160864118431471859e-01
4.860611382883853748e-01
4.615980189751116569e-01
