1.399176220691748851e+00
1.100491158322824514e+00
8.509438945170255675e-01
7.458555427631872181e-01
7.145643145845725908e-01
6.926838680398543779e-01
6.784876217338462467e-01
6.702358361488953697e-01
6.721151913201985906e-01
6.836675946285819538e-01
6.990434148042609097e-01
7.169242474634391904e-01
7.323942881595458809e-01
7.205435728143004814e-01
6.031563648069864225e-01
5.231415086925864655e-01
5.023391765323672598e-01
4.893762133298732442e-01
4.668182245743469627e-01
4.491218499008841070e-01
