1.437563973262788730e+00
1.176999797406950377e+00
9.036408544388566666e-01
7.253919328327627092e-01
6.860042791754712432e-01
6.673401767171805998e-01
6.546719005096486299e-01
6.472884736973374409e-01
6.455628235385857394e-01
6.558355728237961202e-01
6.705181998690148415e-01
6.889621736580493483e-01
7.062735735263615533e-01
7.071622808454960385e-01
6.164285630026178353e-01
5.146469066162979722e-01
4.924257072678545621e-01
4.800317251566489918e-01
4.589044949097236814e-01
4.415593179132629720e-01
