1.189669908397357201e+00
1.118054151687094544e+00
1.087335615124329635e+00
1.071381590960473140e+00
1.033342576767855236e+00
9.862367770025965985e-01
9.399424111443577257e-01
9.007206409589975094e-01
8.696630035609425047e-01
8.423724487740986699e-01
8.155376138267086406e-01
7.883619245273629783e-01
7.593490704008835079e-01
7.282112902624576778e-01
6.961935731762798341e-01
6.641554012264043738e-01
6.313106833638355564e-01
5.965640372445574213e-01
5.625711403932956989e-01
5.336892904543963922e-01
