1.055395850304180927e+00
1.025291361898410969e+00
1.010777432952002064e+00
1.002963037299090532e+00
9.816893750951503073e-01
9.530151899251129155e-01
9.222068655360412537e-01
8.931993916244832521e-01
8.663495810730349467e-01
8.396704784795241405e-01
8.116032703634704637e-01
7.815288899611958495e-01
7.502409832868204287e-01
7.182389317496565839e-01
6.860825345008585430e-01
6.542409303552552124e-01
6.219251255770337217e-01
5.882167466896950359e-01
5.552966750373297122e-01
5.271493324186451446e-01
