1.648863724336673942e+00
1.671091599759807700e+00
1.252480330654595075e+00
1.012794431835348341e+00
9.729574710426589501e-01
9.732093713331084750e-01
9.734954018289236899e-01
9.753053851676339869e-01
1.043215115683766570e+00
1.150255875114748472e+00
1.269257544060183651e+00
1.350816977379529993e+00
1.351652097002719266e+00
1.287726646134477626e+00
1.229097052935506085e+00
1.208084574496264940e+00
1.189278345028663253e+00
1.131453472909206504e+00
1.071856398164640289e+00
1.027928343732132266e+00
