1.152766779495259186e+00
1.124959204327082629e+00
1.117029514582154270e+00
1.121242466686669381e+00
1.100989307979269638e+00
1.046400071198053006e+00
9.820259041012232570e-01
9.185943195546721896e-01
8.598406297459976200e-01
8.099882345254024729e-01
7.742224940800389588e-01
7.481534080289926614e-01
7.244085852205648379e-01
7.011907741071549127e-01
6.763569243148803700e-01
6.488142157076740579e-01
6.176950644320848838e-01
5.859474618308959659e-01
5.560050519203403319e-01
5.279617265633915757e-01
