1.040619699425433975e+00
1.039009903323857564e+00
1.044805271830369975e+00
1.057577689196719017e+00
1.061518326930760203e+00
1.026240996478250400e+00
9.688599060894430570e-01
9.081613505084745741e-01
8.504465771732757640e-01
8.006728054760056112e-01
7.635343957850921903e-01
7.374297863533663122e-01
7.140109410680909319e-01
6.910177973433753174e-01
6.663341519331966722e-01
6.383420464976923281e-01
6.077089857799651273e-01
5.765070560644823816e-01
5.473507624898160673e-01
5.206835979397930192e-01
