1.007937580511260034e+00
1.014607442946909188e+00
1.024170901851086057e+00
1.038935839685429574e+00
1.047810712280701884e+00
1.019351851187942248e+00
9.643809453847452806e-01
9.044932293869846207e-01
8.469153204097954468e-01
7.967906810882989799e-01
7.591281784447613257e-01
7.327068642728845616e-01
7.095676546778035831e-01
6.868903534099920494e-01
6.625660480355861637e-01
6.347641629383988793e-01
6.044503559961305061e-01
5.734685455016957922e-01
5.445716624996612687e-01
5.183871175945200527e-01
