1.725128321810659449e+00
1.543441467837064707e+00
1.338377970466645195e+00
1.192998772895132786e+00
1.080033899057459390e+00
9.988463292848982489e-01
9.306584468142233835e-01
8.714683070145545773e-01
8.190641570980270458e-01
7.702976334136856229e-01
7.248927381944951787e-01
6.865424390917012065e-01
6.597540612016643546e-01
6.404146657742688653e-01
6.332690560979856720e-01
6.284617379178054630e-01
6.235369640498161781e-01
6.143097662797980529e-01
5.978893458390543980e-01
5.786241477180236181e-01
