1.592484819641384997e+00
1.475790578966983402e+00
1.329594586422296665e+00
1.200146067816850959e+00
1.083124215918640054e+00
9.975351988861660413e-01
9.258511376925386838e-01
8.646727225825072694e-01
8.111093173910460807e-01
7.624819881876023775e-01
7.175692953399799290e-01
6.790998052107406480e-01
6.526997793484189403e-01
6.341746376417063402e-01
6.253232658383379716e-01
6.212606503491533427e-01
6.172744965600792666e-01
6.087927462391357070e-01
5.931795472047279860e-01
5.743138480338347840e-01
