1.635802056618085976e+00
1.678142160669430005e+00
1.269001091443096030e+00
1.017247048784646779e+00
9.665956882620926338e-01
9.668831392460168761e-01
9.672186186259748020e-01
9.657150098843113595e-01
1.020598385412222697e+00
1.120180611056332598e+00
1.239126208745690461e+00
1.329166861964283797e+00
1.340273598023792978e+00
1.280240949035439169e+00
1.221600056973368709e+00
1.201482401756032825e+00
1.182515690275828035e+00
1.123764471667738851e+00
1.065700648142926532e+00
1.022884592045201213e+00
