1.340401116809987414e+00
1.325803089024914172e+00
1.289028036017771939e+00
1.204915219018929617e+00
1.091536064460012057e+00
9.961257476224586460e-01
9.180051295209122886e-01
8.528166732569005815e-01
7.968020200173434597e-01
7.481874832470398751e-01
7.039790033446060580e-01
6.652667156983014252e-01
6.387651881897820072e-01
6.213989563936513916e-01
6.115002306234496032e-01
6.089249960831012443e-01
6.063992901155333959e-01
5.994840120041953213e-01
5.854904397166109664e-01
5.680730387656267588e-01
