1.361348734675045913e+00
1.374295594720571501e+00
1.297586068911457335e+00
1.157189438883990729e+00
1.010686108649507364e+00
9.007916257495068857e-01
8.148647668786060949e-01
7.614680648327585288e-01
7.313457401049940909e-01
7.054637239989018926e-01
6.821901079637688881e-01
6.623784616954002669e-01
6.472219720465182125e-01
6.361500990951515222e-01
6.298089676527380831e-01
6.276373755769999452e-01
6.284702403919022462e-01
6.282602940341317499e-01
6.241744020161843487e-01
6.111376764954024043e-01
