1.268473100778658269e+00
1.306350027990145435e+00
1.281870108291829347e+00
1.165456575847208853e+00
1.020696470674995027e+00
9.046322085879967556e-01
8.148574069308981427e-01
7.553044819168532875e-01
7.258576676077717060e-01
7.002480268449562395e-01
6.776810623553053414e-01
6.580836276775985372e-01
6.430957200122315864e-01
6.324443176849110504e-01
6.265078879343370932e-01
6.217269150207032080e-01
6.233958684835892994e-01
6.236220641163201517e-01
6.202866326095792804e-01
6.081983672458979306e-01
