1.527992753415818417e+00
1.462269289480898848e+00
1.277359976164303967e+00
1.090677009681317644e+00
9.380121305921192976e-01
8.284141032479767075e-01
7.795262209311810686e-01
7.483907368809349370e-01
7.208411165292348821e-01
6.992495927205956141e-01
6.871605454593929796e-01
6.807695935938236076e-01
6.762776978657447646e-01
6.699202358181740591e-01
6.568928446135455790e-01
6.409370046945555011e-01
6.306467345439603633e-01
6.166429416509818795e-01
5.958253257326504571e-01
5.537329431001289937e-01
