1.183108118493071625e+00
1.249801664065652407e+00
1.258230901154293147e+00
1.137899656778829760e+00
9.754966968095087898e-01
8.472567631679825961e-01
7.570812643154876120e-01
7.283023248540104744e-01
7.028430403942604876e-01
6.813989922795720133e-01
6.672623152495256171e-01
6.627408335401239192e-01
6.610974052299776194e-01
6.577273399921390595e-01
6.481083748989877602e-01
6.333841736646115272e-01
6.150094779494129638e-01
6.015591888755955630e-01
5.835034751871108760e-01
5.439595774539192075e-01
