8.410882208197170140e-01
8.587860887573420809e-01
9.639500606421149698e-01
9.877963675869411153e-01
9.935735752698537926e-01
9.939091552484656811e-01
9.919294319571924090e-01
9.893372958282726781e-01
9.869662675893113857e-01
9.852934481331367955e-01
9.845354501512209033e-01
9.847098503019255933e-01
9.869439135164923549e-01
9.899526041237399765e-01
9.925703595743528007e-01
9.946715416666497278e-01
9.934265647576678848e-01
7.189476223984209158e-01
4.552706131215505936e-01
4.305390082538905761e-01
