8.339850971562345894e-01
8.329319606110224816e-01
8.611969878707246284e-01
9.620360181824626489e-01
9.720095726976052397e-01
9.724806548006408313e-01
9.708239872293341621e-01
9.691166718309185413e-01
9.683052267782723543e-01
9.686493328288878768e-01
9.701954699232491208e-01
9.707180899361316229e-01
9.662840253329629814e-01
9.470657670541772211e-01
7.555284015714734958e-01
7.534422277965335812e-01
7.524832273743189415e-01
7.520582874288389563e-01
7.359681508165755170e-01
6.133960275717332822e-01
