8.346858789431766956e-01
8.341576240363760553e-01
8.748525866515900473e-01
9.671715361946737755e-01
9.779168619345762758e-01
9.793288791657911441e-01
9.783978976591470866e-01
9.771245141889537411e-01
9.764557397933065763e-01
9.767208906515034705e-01
9.781058250598743120e-01
9.793052321807055316e-01
9.775203084378486507e-01
9.704662992851689207e-01
9.417489033566152079e-01
7.575895556984634238e-01
7.552473324960260470e-01
7.538220897134015885e-01
7.368760891535230950e-01
6.348234726405772577e-01
