8.350908698076159320e-01
8.355188178707894098e-01
8.983540710144936048e-01
9.719025081500926033e-01
9.821288193471796601e-01
9.837189743130054786e-01
9.829980697295674918e-01
9.818538531556252336e-01
9.812094013012688798e-01
9.814211712703769797e-01
9.827896200570198637e-01
9.844774990130239489e-01
9.840249886998143625e-01
9.802681352553334060e-01
9.698558749009629221e-01
7.701353221641940028e-01
7.580362065404623317e-01
7.554834215620874760e-01
7.374968770876215718e-01
6.562934272165488192e-01
