8.359604490064845850e-01
8.376827953710271890e-01
9.253481578434836763e-01
9.770810694562540588e-01
9.870833048017425559e-01
9.892686175531615334e-01
9.890595378141598948e-01
9.882598578408896550e-01
9.877371115447902694e-01
9.878680159748092215e-01
9.890069901804998675e-01
9.907861811873882596e-01
9.911796740668180616e-01
9.895797137780181219e-01
9.848448520679500273e-01
9.736335850500577038e-01
7.858061036779885322e-01
7.599483467327419195e-01
7.392731398239128504e-01
6.918690719981079873e-01
