8.363712616267632294e-01
8.386744731445913148e-01
9.342117213398938302e-01
9.786709225652165944e-01
9.885959383010700652e-01
9.910286695093538656e-01
9.910174117097150237e-01
9.903587623822651675e-01
9.898938416808786833e-01
9.900006551878259842e-01
9.910378472971617114e-01
9.927735416218903541e-01
9.933325458424603349e-01
9.922143402727404693e-01
9.885715552745936163e-01
9.803266837125426125e-01
9.577603500332235731e-01
7.635932503555467044e-01
7.395338398192295992e-01
6.991021581298819676e-01
