8.277376015272058796e-01
8.179606096053599895e-01
9.300772534149348569e-01
9.407960957500913768e-01
9.197633181121096513e-01
8.428969611973120557e-01
6.900429702485864070e-01
6.736865824718002438e-01
6.622740373124851310e-01
6.607230631284661815e-01
6.656452403114284655e-01
6.700917501234111562e-01
6.739391724068279910e-01
6.773562098413463683e-01
6.805005537592654363e-01
6.835232478736029682e-01
6.865556130640735333e-01
6.897021002079528618e-01
6.930086776423216577e-01
6.967324966618519966e-01
