8.281043752637444744e-01
8.203431266749229289e-01
9.318726517118305352e-01
9.592407688934366794e-01
9.560276233824034353e-01
9.482433838093808909e-01
9.398564506154351017e-01
9.331979272262056480e-01
9.298094851152630680e-01
9.252234026311877413e-01
6.855645266854741848e-01
6.867950296189788695e-01
6.883797671167091181e-01
6.899530608515291874e-01
6.916218561884428517e-01
6.934666502169075653e-01
6.955491929250288141e-01
6.979153420865934487e-01
7.005736551898384956e-01
7.037099103664422595e-01
