8.352436136709903147e-01
8.182696640683587708e-01
7.229084189166454788e-01
6.796564507662152810e-01
6.435577289061116257e-01
6.140310235745243261e-01
5.907580411561362821e-01
5.732506100997363241e-01
5.686321562491666315e-01
5.758029126150601140e-01
5.827756254145054493e-01
5.887828118009819089e-01
5.939216052190818829e-01
5.983979887520952667e-01
6.023601659555282151e-01
6.060046252837527625e-01
6.095345878045567156e-01
6.131319119251565919e-01
6.168637133720169530e-01
6.212921457811413362e-01
