8.364321450143653580e-01
9.348128908915197544e-01
9.155331469723737570e-01
7.005550032538561123e-01
6.638514965874285911e-01
6.342319371751226065e-01
6.104938285106558116e-01
5.922328860886414414e-01
5.865933102725018333e-01
5.927830964229754418e-01
5.986032533558919289e-01
6.034931505086171821e-01
6.077413271771554548e-01
6.114418486125205998e-01
6.147600521139411356e-01
6.178900890592878836e-01
6.210197765226070921e-01
6.243102553619441775e-01
6.278128287655391215e-01
6.320467148565660498e-01
