8.278274192248701313e-01
8.214495055373173260e-01
9.682056713063649234e-01
9.741664172073771777e-01
9.701511958684619907e-01
9.643589134645653704e-01
9.601023865776586730e-01
9.592428242589503551e-01
9.642907825512120334e-01
9.706727159347466882e-01
9.699072534014453462e-01
6.579762485140994155e-01
6.581931533176912374e-01
6.585925650331352355e-01
6.592871026536928358e-01
6.603439576471279437e-01
6.618069073532498736e-01
6.637053329228936871e-01
6.660208112463850139e-01
6.690057325523353082e-01
