9.131089343540316206e-01
7.091442971939934115e-01
6.506957510942592560e-01
6.029773887806768595e-01
5.649085036031986640e-01
5.361850013606337395e-01
5.154988599584178210e-01
5.036312852804417650e-01
5.102072968203589243e-01
5.169363756677384236e-01
5.228852744582042078e-01
5.279205409317793141e-01
5.319852682245495012e-01
5.353769421762211156e-01
5.382960664344551560e-01
5.409716230764474165e-01
5.436172668801677599e-01
5.464095255100533954e-01
5.494429842527446262e-01
5.530522785310493239e-01
