9.549659056738577512e-01
9.143456988724477652e-01
6.842878144284458841e-01
6.346297643226188612e-01
5.940073495663410474e-01
5.618483511654703833e-01
5.377721253186418249e-01
5.231422578970326143e-01
5.284817942315789274e-01
5.340625596841195311e-01
5.389075936088760788e-01
5.427044961030731418e-01
5.457942575826781884e-01
5.483591839587678152e-01
5.506177984706454032e-01
5.528037223124179222e-01
5.551282167701223624e-01
5.577623699602445306e-01
5.607857568945971982e-01
5.646131121784302431e-01
