8.345500743449054681e-01
9.531243568239303743e-01
9.659618535867091627e-01
9.572411213497507010e-01
9.427233502130891729e-01
9.289916109916902531e-01
9.226151471596008014e-01
9.290801737467787591e-01
9.494036376833199231e-01
9.611905827388782519e-01
9.531969593869767943e-01
6.136292695980392065e-01
6.131821545815880903e-01
6.127985349923685821e-01
6.127325385762849574e-01
6.131471536421462254e-01
6.141513229745144686e-01
6.158164925045923610e-01
6.181086862731137721e-01
6.215060328671013767e-01
