8.332791890483955966e-01
9.513374722973965136e-01
9.657739159214620006e-01
9.574464850791861714e-01
9.430557558295670217e-01
9.292760242265227788e-01
9.226743872174609784e-01
9.288309362078368547e-01
9.490655750091565590e-01
9.609094654391729939e-01
9.535322839863739075e-01
6.131870170316306989e-01
6.126929585629241615e-01
6.122660188642273793e-01
6.121592226390752955e-01
6.125355432148396062e-01
6.135048224570118780e-01
6.151389488575005338e-01
6.174036039099337625e-01
6.207850505393799345e-01
