9.443327103207328488e-01
9.331561236127349224e-01
9.191249705704122031e-01
9.019846040940222576e-01
8.828206836027964188e-01
8.636773596208345838e-01
8.464284542670494904e-01
8.322178497844442413e-01
8.215308613151606210e-01
8.144491667862331363e-01
8.110464320697589047e-01
8.100068396144926020e-01
7.197129017952339503e-01
4.650412022508537691e-01
4.259676978069455999e-01
4.198919879924825072e-01
4.182683265457491917e-01
4.073099472080141670e-01
3.949338464680350880e-01
3.861516739624468730e-01
