9.383895300109895699e-01
9.260262184940886154e-01
9.106335955495944434e-01
8.918118116757555169e-01
8.704829745187987466e-01
8.488493957832432546e-01
8.291319755152470883e-01
8.127041321955843500e-01
8.001401314392824204e-01
7.915330947607175371e-01
7.868745377196525448e-01
7.835672348917355201e-01
7.187691537861284896e-01
4.599685442410842429e-01
4.188466816337074738e-01
4.131716771341192307e-01
4.120050445162462549e-01
4.022621423319828748e-01
3.902789357526618153e-01
3.819534787199382886e-01
