9.360644752469928775e-01
9.231644715791922362e-01
9.072862838524148321e-01
8.879977373353473702e-01
8.661045894015866331e-01
8.437724387997315167e-01
8.233071497689935514e-01
8.061602183293415935e-01
7.929473783787910346e-01
7.837784169188838357e-01
7.785544663813903643e-01
7.727996744863278034e-01
7.224654992884753657e-01
4.642206462671248923e-01
4.171912720691302034e-01
4.108348123014754494e-01
4.098647504497174299e-01
4.012310417752631420e-01
3.891806092418783058e-01
3.808932630216101956e-01
