9.358666721532302724e-01
9.228843709672495121e-01
9.068812797560800165e-01
8.874167943159029237e-01
8.653083270850866482e-01
8.427508552261141483e-01
8.220841481241760729e-01
8.047737422970068222e-01
7.914354492256419071e-01
7.821815869882078331e-01
7.768583192858705688e-01
7.693076910855354278e-01
7.166626764690354756e-01
4.589892437734501840e-01
4.159524443412044858e-01
4.102174153643171062e-01
4.092793002145239112e-01
4.005563463973852434e-01
3.886791464154709108e-01
3.805098626980360499e-01
