9.482414287790775775e-01
9.421210794268778388e-01
9.351029846060120443e-01
9.267351240933892065e-01
9.172546565210087932e-01
9.076702762381509970e-01
8.992309654234845739e-01
8.929178062974649777e-01
8.893266005676817576e-01
8.887016252474687628e-01
8.910051272480556950e-01
8.965504681488989380e-01
9.112647870782042414e-01
9.245560414195014287e-01
8.571290869020482539e-01
4.635010110367584479e-01
4.297967323629537928e-01
4.250239608283989390e-01
4.216723650100487886e-01
4.110269510978505347e-01
