9.445037300534816493e-01
9.375701071833035805e-01
9.297668882809839719e-01
9.206284287850711179e-01
9.101764391637708895e-01
8.994277566237621757e-01
8.897198153500528450e-01
8.821681790721516148e-01
8.774840545756543708e-01
8.759994432235711503e-01
8.777434143519258214e-01
8.835270924622333766e-01
8.990271279641748325e-01
9.121968585547287622e-01
8.727576239324867924e-01
4.591898941113404242e-01
4.244117203617984169e-01
4.197141990317489468e-01
4.173308035119180914e-01
4.073082708199245450e-01
