9.432260523584118372e-01
9.360213152911942558e-01
9.280357376946628545e-01
9.188404487946438826e-01
9.083589572776248344e-01
8.975529365019884187e-01
8.877262266605109309e-01
8.800009115113860414e-01
8.751096304090899558e-01
8.734074823931733400e-01
8.749456208425251402e-01
8.805192024754632252e-01
8.959833714266397520e-01
9.084691375362031751e-01
8.768536858207757190e-01
4.604943293664353621e-01
4.232255123587482792e-01
4.182665702572612165e-01
4.163463791916967027e-01
4.066333514845306141e-01
