9.421683370906517307e-01
9.346837466543634898e-01
9.265052996377396433e-01
9.172196616224840282e-01
9.066765316548853759e-01
8.957976243568480657e-01
8.858585743762076303e-01
8.779851858043249413e-01
8.729248396979516489e-01
8.710497684280920083e-01
8.724274630824766508e-01
8.778689389395248899e-01
8.932959282516096389e-01
9.050360446044471985e-01
8.767978219097970483e-01
4.628402093972405762e-01
4.223530017476690435e-01
4.170206691837463620e-01
4.155486388510122864e-01
4.061873784502449403e-01
