9.511222703447493876e-01
9.489989370396098023e-01
9.470889315823384225e-01
9.448577557643471625e-01
9.422050495461216091e-01
9.396455132140956179e-01
9.379894289786204764e-01
9.378964580252547867e-01
9.396613917960878748e-01
9.431708480567321251e-01
9.505938293941497141e-01
9.631133502376983957e-01
9.738023324784739199e-01
9.824956469644917645e-01
9.892813009871342933e-01
9.943823805596297971e-01
9.747957017653871015e-01
5.505206039745054181e-01
4.587382600013394929e-01
4.494246845422946168e-01
