9.494839708163615999e-01
9.469501010297768362e-01
9.447370282688052345e-01
9.423475036757894552e-01
9.395310720958235384e-01
9.367816545728187005e-01
9.348907352267282755e-01
9.345489970726363893e-01
9.361360624065179215e-01
9.394859792001937215e-01
9.468473163957762395e-01
9.595814312124183454e-01
9.705775642422758143e-01
9.796305765607052907e-01
9.868129351923222714e-01
9.923667389091199720e-01
9.781367204630576628e-01
5.573903463817535542e-01
4.570873802200742797e-01
4.472027646832448800e-01
