9.481799642243107229e-01
9.452329830245927988e-01
9.427563904180710219e-01
9.402416703499647532e-01
9.373288661829179969e-01
9.344900090620034128e-01
9.324847296779293915e-01
9.320118769936184266e-01
9.334995124067982930e-01
9.367671604031077015e-01
9.440676206214445587e-01
9.568859911901331783e-01
9.680477741156626736e-01
9.773226947342563697e-01
9.847702260147225273e-01
9.906473444212867685e-01
9.810569510326051512e-01
5.692572069433936566e-01
4.565978277880138880e-01
4.456475847309634419e-01
