1.640219927917903497e+00
1.695595761049234040e+00
1.268097445483645558e+00
1.018475157890292859e+00
9.849859318994796942e-01
9.846641658844709211e-01
9.844479060818187577e-01
9.843134073310849663e-01
9.845865166164976534e-01
9.955830535709596640e-01
1.069811750247669391e+00
1.196530672217472668e+00
1.352451947954715239e+00
1.477451855988349827e+00
1.497069205701888173e+00
1.427376294332743711e+00
1.360387972396905454e+00
1.323925444523190720e+00
1.311160429889812518e+00
1.302786296515684450e+00
