9.464183574787715658e-01
9.426001909026685555e-01
9.396708015228717459e-01
9.369503110113139854e-01
9.339236384916483891e-01
9.310263499025728251e-01
9.289452350197441310e-01
9.283678821782647139e-01
9.297344794063159279e-01
9.329690197817879227e-01
9.401555920623849705e-01
9.529656167367515085e-01
9.642519896898319454e-01
9.737558053639671085e-01
9.815361338369374966e-01
9.884275234780807162e-01
9.856807311151937201e-01
6.107215606863258817e-01
4.581367938568349785e-01
4.437785839919004549e-01
