9.499618396536247955e-01
9.509512929262348147e-01
9.523897347527250368e-01
9.535601888108728996e-01
9.542912682800179791e-01
9.550357307411303509e-01
9.565295776934705785e-01
9.591618516622427704e-01
9.630164283612451248e-01
9.699863952833710501e-01
9.815417843513898344e-01
9.902392274658248228e-01
9.957635620566398504e-01
9.977446630741586553e-01
9.949357264796161449e-01
9.830923099603032789e-01
8.992561365179533306e-01
7.907766464102021775e-01
7.565897162845207635e-01
6.676753629959593095e-01
