9.487864452113550229e-01
9.494410720156507555e-01
9.506840430630253413e-01
9.518480539520886019e-01
9.526356020234906241e-01
9.534594586470964694e-01
9.550094453346056333e-01
9.577129973499126647e-01
9.616142260654959584e-01
9.685523023764692763e-01
9.801556425005834017e-01
9.890716087416977498e-01
9.950096464653789274e-01
9.976926671391912471e-01
9.961653004694053237e-01
9.874113170807403694e-01
9.544563149363352039e-01
7.931012422173240317e-01
7.564445917841898792e-01
6.855345120440301532e-01
