9.491715878654011229e-01
9.467566065057790858e-01
9.470037106822333239e-01
9.479919730771687592e-01
9.487489260536898783e-01
9.496403574164169470e-01
9.512592893195375154e-01
9.540849707412087932e-01
9.580958754439048430e-01
9.650848741421936827e-01
9.768455713453865208e-01
9.862256119397686538e-01
9.929768328501688002e-01
9.969706928447141792e-01
9.976771626475583465e-01
9.935661822662000819e-01
9.790553026489506871e-01
7.924731272104540425e-01
7.559064057052915508e-01
7.178593035555104196e-01
