9.471660577639184897e-01
9.512471688928026969e-01
9.545794051183278395e-01
9.563420402561569889e-01
9.570084740277527979e-01
9.577578951076297642e-01
9.593686715469926796e-01
9.622750874405370247e-01
9.679309690495366825e-01
9.819877363205720133e-01
9.908611110638366748e-01
9.933463780840047219e-01
9.859579574521250001e-01
7.826876458140347159e-01
7.520051219449193081e-01
7.420817380970696764e-01
7.367284694785394272e-01
7.337999348628467811e-01
7.323662441358705921e-01
7.320788969903176957e-01
