1.620853980601354438e+00
1.703352424450953251e+00
1.292413634166072356e+00
1.025152815003231188e+00
9.767630411056438255e-01
9.767316771474470194e-01
9.767996548139549207e-01
9.769147476538400099e-01
9.772150810072894878e-01
9.823961252070313455e-01
1.038344615273171012e+00
1.154552991052778754e+00
1.310472212924189472e+00
1.449271714689689849e+00
1.485726522936128946e+00
1.417981208582611341e+00
1.349389062080817991e+00
1.314671463773819049e+00
1.304486860777829937e+00
1.297397422722688320e+00
