9.479167697053494379e-01
9.484045452166465218e-01
9.507560773000299781e-01
9.530333133176862592e-01
9.544538666148427719e-01
9.558875625278427934e-01
9.582099247817107424e-01
9.616329528996546694e-01
9.673839559883989914e-01
9.812411465904059549e-01
9.910220712534768550e-01
9.960941603538394640e-01
9.953809831252485862e-01
9.838863171171947641e-01
7.594246942257025790e-01
7.434944559015960186e-01
7.363179704608939780e-01
7.325165526650521119e-01
7.306592411328003411e-01
7.301805495293879344e-01
