8.383989493387979941e-01
7.632413716013013438e-01
7.261555067500358174e-01
6.958023882631367840e-01
6.730158389714724354e-01
6.566266238236766473e-01
6.449407232184887206e-01
6.365680890780824885e-01
6.306382054857929687e-01
6.291167814895071153e-01
6.383843893828550220e-01
6.457267789066745145e-01
6.304219641754166270e-01
5.760037339202948026e-01
5.361774702885329091e-01
5.165578481755567219e-01
5.045751163035077091e-01
4.926427918811790985e-01
4.760405520342643193e-01
4.588227207525980567e-01
