8.418127110817366088e-01
7.545620187673518497e-01
7.169113527889205972e-01
6.867553953906970765e-01
6.644396463570536593e-01
6.484886180577881243e-01
6.371302435406638320e-01
6.289801335352944722e-01
6.232137362827460114e-01
6.224061225898014360e-01
6.316026807664945064e-01
6.391944984721482648e-01
6.268709841381949754e-01
5.765570140408626809e-01
5.347414552752831618e-01
5.149882633128493037e-01
5.029225402602908179e-01
4.915309439464531360e-01
4.754714145237350365e-01
4.586001258768484523e-01
