7.962587903915173682e-01
7.523133873159517648e-01
7.189308215206606789e-01
6.924097069179395714e-01
6.728729177811285656e-01
6.591677174059673572e-01
6.497239131060195128e-01
6.433936898427077278e-01
6.394250364547324761e-01
6.381888428609407971e-01
6.427580440392127725e-01
6.410235317357237950e-01
5.772103360314793097e-01
4.849444792210431121e-01
4.630033159527232045e-01
4.535722511566329107e-01
4.428764460227399558e-01
4.249790972669443279e-01
4.094254795725173479e-01
3.974525647490809721e-01
