7.991627363869610035e-01
7.442566456296395572e-01
7.106447249595113647e-01
6.843445747953236236e-01
6.651340427456418070e-01
6.516941195138552523e-01
6.424337657809031654e-01
6.362123231481985330e-01
6.323026232923084633e-01
6.314304663474628043e-01
6.357438960477650447e-01
6.369909505716355724e-01
5.880887181928469154e-01
4.870919277168587191e-01
4.616210137734242935e-01
4.517624734300766387e-01
4.418646493592063296e-01
4.242226776624535289e-01
4.086200508490916983e-01
3.967871933145846741e-01
