7.897546936130004358e-01
7.576969438557213943e-01
7.293937942258285068e-01
7.069924488265806328e-01
6.908271926421977183e-01
6.799464885161401462e-01
6.731295164178503487e-01
6.694689057459612958e-01
6.683825827200777780e-01
6.695172251681172915e-01
6.699900035664503317e-01
6.563426055348361432e-01
5.322081272093939219e-01
4.516395752416646481e-01
4.327394144071410875e-01
4.259471658017115470e-01
4.199098065274862734e-01
4.052547773361497851e-01
3.915918639708758087e-01
3.817522304809172762e-01
