7.792693808411214063e-01
7.455867612098132646e-01
7.163708078555431902e-01
6.936887291080078288e-01
6.775254164071589091e-01
6.666920612332927210e-01
6.598631305759312671e-01
6.560958296015582114e-01
6.547917876466716747e-01
6.555882658629189619e-01
6.558316861681948717e-01
6.461074542040226021e-01
5.316959816445704368e-01
4.465541320383779600e-01
4.274429159142710266e-01
4.205829429645857598e-01
4.152582149075734197e-01
4.011386479922630643e-01
3.877860330318212978e-01
3.782692911549911940e-01
