1.593202053249266559e+00
1.708190453813009047e+00
1.333348898515311465e+00
1.039748516283741875e+00
9.650731384841786387e-01
9.654581720955497381e-01
9.659402872748594771e-01
9.664214472369709874e-01
9.670039046707309405e-01
9.695655777981035950e-01
9.983493010683260893e-01
1.098627370636104938e+00
1.250313218678704930e+00
1.404663276811158878e+00
1.467009783996590322e+00
1.404554598111604768e+00
1.333176975825715704e+00
1.301110515073136353e+00
1.294791734383234250e+00
1.289616879692212281e+00
