7.976069315938432158e-01
7.705983416768890093e-01
7.475636827687361929e-01
7.296785978127025007e-01
7.172744903320611431e-01
7.098217888675125709e-01
7.064705327328428819e-01
7.066008219845560934e-01
7.098983022309502955e-01
7.163569736881704175e-01
7.362579086545921747e-01
7.668296010465019963e-01
7.781083258565774097e-01
5.980148866297323451e-01
4.648292118071599699e-01
4.288944431865112095e-01
4.205615594290246229e-01
4.190957994496292693e-01
4.146649921024969099e-01
4.059695340079942372e-01
