7.967688479939174506e-01
7.601047695805394078e-01
7.359494158319774826e-01
7.173022823147572336e-01
7.043517243188365251e-01
6.964233141231754853e-01
6.925564993610977549e-01
6.920712279248388832e-01
6.946166882995573610e-01
7.001718279331519135e-01
7.185133832296379808e-01
7.462280258627238538e-01
7.537136921446020432e-01
5.825491319188086381e-01
4.570394419849768686e-01
4.225737080064002615e-01
4.148229578151064745e-01
4.134586759590458960e-01
4.099463375617806715e-01
4.017325674984128514e-01
