8.159210351832563157e-01
7.536632015260141815e-01
7.291682377526346182e-01
7.103507806916332656e-01
6.971692956651500683e-01
6.890250376053960180e-01
6.849160963264095958e-01
6.841425645653032017e-01
6.863399463823292024e-01
6.914821476976003023e-01
7.086542210619657389e-01
7.332194644849541199e-01
7.437290955183956109e-01
6.232887673663980443e-01
4.570574760983825424e-01
4.200896911441437398e-01
4.118821037667156904e-01
4.103672103054500919e-01
4.079366893258056237e-01
4.001662107945267999e-01
