8.409184265202237496e-01
7.977402504311067455e-01
7.821105881418708439e-01
7.718059171677201791e-01
7.666071247389288912e-01
7.663467065981874882e-01
7.705727526530331550e-01
7.789950279049803195e-01
7.915084403541196023e-01
8.135419423710295028e-01
8.514115669133024422e-01
8.866563572870458376e-01
9.167290247867723174e-01
9.412897103669481957e-01
9.608490940067923036e-01
9.809282570388424549e-01
9.497860633164249000e-01
5.152570262066566986e-01
4.608174918750253535e-01
4.547962804073680254e-01
