8.591468847220651295e-01
7.936281682613847144e-01
7.770502022060532532e-01
7.660029526155759383e-01
7.600943324540961887e-01
7.591598417721712178e-01
7.627341321641682992e-01
7.705256071010065932e-01
7.824599356228860714e-01
8.039050049318121616e-01
8.424219216394170928e-01
8.789091774993451622e-01
9.103989702501978920e-01
9.362063632694208604e-01
9.567993505268915788e-01
9.776051056015313545e-01
9.656029151113332265e-01
5.155883059241670452e-01
4.579750810227543600e-01
4.518235770587130662e-01
