9.131678723761453842e-01
7.869761639857285607e-01
7.688667578818284554e-01
7.568534040133224616e-01
7.503110518609114044e-01
7.488962755808409311e-01
7.518910096332460657e-01
7.590859826590395931e-01
7.705071619324416199e-01
7.903564250876741193e-01
8.293848996412322983e-01
8.670892396664954260e-01
9.000713997999495453e-01
9.273070857324094973e-01
9.494662751318982963e-01
9.716771027947113115e-01
9.762640972795539884e-01
5.398677040042609843e-01
4.568545411913376153e-01
4.479464859102239571e-01
