9.209036899297018408e-01
7.864408680400538643e-01
7.682722610842419586e-01
7.560258064803845324e-01
7.492881309995819139e-01
7.477448704968133741e-01
7.507074743211503698e-01
7.577125265683049005e-01
7.689361542963909502e-01
7.884492670751824805e-01
8.274730007528494635e-01
8.653456979368417956e-01
8.985925159596350742e-01
9.261095142875056530e-01
9.490787666054532057e-01
9.710128006232389142e-01
9.734237491606815285e-01
5.293730420100888345e-01
4.551857185592609323e-01
4.470514011313438396e-01
