1.048661434107096557e+00
8.627343153655958607e-01
7.349326594674900903e-01
7.045154613164144042e-01
6.904819113969403732e-01
6.757520371927538960e-01
6.631376228754559676e-01
6.517117032657971931e-01
6.401869110536000385e-01
6.271007549683784710e-01
6.141396732755621812e-01
6.010762439967893833e-01
5.920522005527488751e-01
5.833362508486394926e-01
5.725478953892584322e-01
5.625809565982557992e-01
5.536427278383686534e-01
5.425428801879357277e-01
5.274291841995867314e-01
5.095563962943190361e-01
