1.051056773542990541e+00
8.558658793618449945e-01
7.261427719669264480e-01
6.900716557007661178e-01
6.759779059038729665e-01
6.621285938529859472e-01
6.505279227715317081e-01
6.401325470749555935e-01
6.297925796067611603e-01
6.181409869684177938e-01
6.059758607037162292e-01
5.940850190171318435e-01
5.860044349589832446e-01
5.785220626901246277e-01
5.687349254838880430e-01
5.593493205121091716e-01
5.509057252075129085e-01
5.404261507511755047e-01
5.260495762638479622e-01
5.089370126100919434e-01
