1.064888672856130203e+00
8.569646853489463201e-01
7.180940682693139898e-01
6.856478665121832350e-01
6.689898542362552325e-01
6.550828015433106666e-01
6.437769196522653559e-01
6.357539779625560605e-01
6.303902355201842500e-01
6.266298874199608404e-01
6.224096011149158336e-01
6.172325408694940840e-01
6.063707468915788823e-01
5.943922248406408038e-01
5.859833732996778677e-01
5.754705705041351926e-01
5.649894224889486782e-01
5.566521591204078856e-01
5.474054975142230717e-01
5.350216772370731677e-01
