1.070582362660521314e+00
8.582258556525038662e-01
7.160909045245078541e-01
6.800734625238374909e-01
6.637020424321904422e-01
6.498346250610691488e-01
6.388925092691597474e-01
6.311320496656465107e-01
6.259925463149272895e-01
6.225178880829327355e-01
6.187948170814276949e-01
6.140934486421847360e-01
6.041109054915365650e-01
5.925140633003684876e-01
5.844876770308644609e-01
5.744436712581049154e-01
5.640435003790589263e-01
5.559211538933177543e-01
5.469306938156509590e-01
5.349109536700020762e-01
