1.568303501946224587e+00
1.704318526728420879e+00
1.374907830824150246e+00
1.057630116549130639e+00
9.550064618822411422e-01
9.546778868590720668e-01
9.555786167146715915e-01
9.564576180037226427e-01
9.573636564106169367e-01
9.589397688361335215e-01
9.718781911099064752e-01
1.053856097452007923e+00
1.193938621354823759e+00
1.356132253988588721e+00
1.445825087294656752e+00
1.393697465620464815e+00
1.317679976706157774e+00
1.287489327162436137e+00
1.285030066288837869e+00
1.282047602286763954e+00
