1.053499419835579376e+00
8.322207813651616437e-01
6.880800619174444188e-01
6.635919290559246786e-01
6.454512098603328862e-01
6.311991405901716812e-01
6.208161769635480720e-01
6.147695888796885777e-01
6.128987651251656121e-01
6.148069134806128933e-01
6.189693022298489167e-01
6.233208873776271419e-01
6.208561905349772037e-01
6.019612878621370955e-01
5.787247850522165837e-01
5.591905639107033199e-01
5.398349812499476652e-01
5.239974125605026956e-01
5.037248681615644763e-01
4.776450663563357457e-01
