1.058985379766398838e+00
8.356914820721574877e-01
6.889814530339690712e-01
6.608504398047729822e-01
6.428196521983438050e-01
6.287430318970257392e-01
6.186646187007874831e-01
6.128056884026340523e-01
6.110342920510305476e-01
6.129470947123486502e-01
6.170356734099720075e-01
6.211642390762366350e-01
6.187978075574728232e-01
6.003200433093238697e-01
5.775165080801580864e-01
5.582673809391989206e-01
5.390961567886856098e-01
5.234137973328780724e-01
5.032808448842234217e-01
4.773921352688177966e-01
