9.658184889939696038e-01
7.730113412613821566e-01
6.938075611871648007e-01
6.680215722594061711e-01
6.484255777519767339e-01
6.339326696859830523e-01
6.235823338246788694e-01
6.178327145609705529e-01
6.193372323551655789e-01
6.266143087123130506e-01
6.398811471315379862e-01
6.471893794662149091e-01
6.276495259587020481e-01
5.695748745431321591e-01
5.269004612032905932e-01
5.006919475684777909e-01
4.825235451670606968e-01
4.581533594847373991e-01
4.346870787827015747e-01
4.171512724046097520e-01
