1.004920230908288747e+00
7.863817555044521068e-01
6.712619884454991137e-01
6.477715461023532129e-01
6.295833404396058430e-01
6.162287962296912891e-01
6.071967220825720268e-01
6.027583898062750523e-01
6.044134430759695586e-01
6.111369404968470809e-01
6.238770717841590763e-01
6.332271912637782441e-01
6.228331353543967719e-01
5.708692211919379478e-01
5.234925226941344878e-01
4.962193546180290737e-01
4.783333849888674050e-01
4.545033849348026900e-01
4.310566278898710912e-01
4.138664832808728322e-01
