1.016318130524881180e+00
7.947156536311060782e-01
6.658607328859862395e-01
6.431508175439974995e-01
6.253561022181703954e-01
6.123102613416366857e-01
6.035036645363880403e-01
5.992649579599627074e-01
6.008019999676641465e-01
6.073195314865054151e-01
6.198897341659836968e-01
6.300471008097560111e-01
6.222611892346543438e-01
5.728873507676512933e-01
5.232917455025619669e-01
4.954595404802346059e-01
4.775816626442807022e-01
4.540280442267781713e-01
4.304679775408832842e-01
4.132924472180488085e-01
