1.020876785545337340e+00
7.981570475869228520e-01
6.634273133637929032e-01
6.410205933198991346e-01
6.233723707759906141e-01
6.104829927370026832e-01
6.018637899204468678e-01
5.982956606722333870e-01
6.000062904605839575e-01
6.065290325418621897e-01
6.187020404172512977e-01
6.280266458741361468e-01
6.187919021811598697e-01
5.688716357792804601e-01
5.212653551135819630e-01
4.940024139962955751e-01
4.763097930726092888e-01
4.527947349916118247e-01
4.294809585381147432e-01
4.125020032466326092e-01
