8.621332851881763348e-01
6.953725252484580510e-01
6.743042404194070638e-01
6.498380208450460493e-01
6.321292589692504293e-01
6.200864166511568243e-01
6.125320652939041377e-01
6.095106370940939211e-01
6.112323523033449391e-01
6.252370997783176509e-01
6.428332044641570375e-01
6.511538111649712857e-01
6.120772100957536654e-01
5.079455732130576662e-01
4.717892704140918547e-01
4.570842502377842065e-01
4.451199508479219968e-01
4.264678414770461390e-01
4.098701416448606860e-01
3.987088513768078935e-01
