1.571651079688444641e+00
1.702434210292357086e+00
1.366944360467772901e+00
1.053043677335589567e+00
9.536126129258081230e-01
9.535920950473463220e-01
9.545318845285758469e-01
9.554389949887265310e-01
9.563947343404930468e-01
9.584420747448987310e-01
9.757442765602132306e-01
1.064691494593546173e+00
1.209404694069049491e+00
1.368244454426187140e+00
1.444744017270285674e+00
1.385726914967918333e+00
1.313794990625741566e+00
1.286494708795982156e+00
1.284696136668025623e+00
1.281579318187330507e+00
