9.954321484690281663e-01
7.741834626923108642e-01
6.480027425365276761e-01
6.263726934567389604e-01
6.100122203546847199e-01
5.990604971323689742e-01
5.926635497565673205e-01
5.905258593724687088e-01
5.930682461672096562e-01
6.054926246152372293e-01
6.227740609216138035e-01
6.328909632344561498e-01
6.045344301098073414e-01
5.008863159573253565e-01
4.607925343386072847e-01
4.458077502570766959e-01
4.354527705406258664e-01
4.181722133706956557e-01
4.020592690301715844e-01
3.914276407033458471e-01
