1.081950801067144141e+00
1.046362357529841525e+00
1.016922639978009801e+00
9.740908602299789276e-01
9.310563374137867942e-01
8.927348985082672606e-01
8.612789823810302892e-01
8.339385088765157716e-01
8.073586587352872268e-01
7.799621026504143240e-01
7.512430903543996230e-01
7.213197864246192470e-01
6.907825343120903572e-01
6.605613861801685749e-01
6.318310438709755505e-01
6.052490228162236141e-01
5.796871611745151309e-01
5.538945149274170365e-01
5.275400391304094772e-01
5.038533000278913043e-01
