9.317097316377406235e-01
9.260262694344093548e-01
9.175144090067322011e-01
9.037590739837023657e-01
8.861946360271557577e-01
8.654700125523028253e-01
8.425378994989888293e-01
8.177079614280498010e-01
7.908663008701520836e-01
7.620405859336453203e-01
7.315979034298547568e-01
7.002258683095949898e-01
6.688332957736576878e-01
6.383754075614256340e-01
6.096211449634156843e-01
5.829237923382228903e-01
5.583326318051188286e-01
5.350319063125278385e-01
5.116333141811881813e-01
4.896050711126811450e-01
