9.096663082073569440e-01
9.066450608309565284e-01
9.006317722471325338e-01
8.911046845292510676e-01
8.772922262167573981e-01
8.592500719711968493e-01
8.377463587754847563e-01
8.134417936882241129e-01
7.866659139456477767e-01
7.577292293242842147e-01
7.271441159346286875e-01
6.956678631659137801e-01
6.642360264164062222e-01
6.337977585115038837e-01
6.051065789070695367e-01
5.785318018523719630e-01
5.539567668011888824e-01
5.311821573329134072e-01
5.084932224149689706e-01
4.869664318432350147e-01
