1.583080907746301724e+00
1.476922524808914616e+00
1.075106029246857720e+00
1.021286523719381334e+00
1.018305195220011283e+00
1.015632487509694926e+00
1.013194901649112190e+00
1.011002304366459548e+00
1.009038904925956048e+00
1.007287422627059392e+00
1.005730343179298991e+00
1.004351208024083508e+00
1.003133255557060011e+00
1.002061827512762404e+00
1.001123053210521530e+00
1.000304047695625087e+00
9.995895814474049512e-01
9.989823447402099710e-01
1.016142132328882841e+00
1.124144265447726276e+00
