1.648422350904608535e+00
1.709091114452006677e+00
1.260649717145797322e+00
1.020269110026221338e+00
1.002955628748488870e+00
1.002200725790333147e+00
1.001892315891731222e+00
1.001924801394049380e+00
1.002201903419368545e+00
1.003175533156211330e+00
1.007982402430777302e+00
1.033912179922331198e+00
1.124643007011705276e+00
1.270108196431550152e+00
1.424532255915710310e+00
1.491458360790568261e+00
1.469038512487091275e+00
1.414752161099572136e+00
1.362697927197646708e+00
1.331392614749070447e+00
