1.195089602447787058e+00
1.156418766561285727e+00
1.117280547764860632e+00
1.054714979520252838e+00
9.864131476649493635e-01
9.207675404476186598e-01
8.603326117158957009e-01
8.065327680874673222e-01
7.623421349098055133e-01
7.289144984827758966e-01
7.010942089709157887e-01
6.762644545577302102e-01
6.525340793968770203e-01
6.289537080513569745e-01
6.042052120906939994e-01
5.774454271882947243e-01
5.489146474350632410e-01
5.205145467306080409e-01
4.947721280997811610e-01
4.736891506782619499e-01
