1.059023551142705966e+00
1.054412896701534930e+00
1.050330616896693492e+00
1.021963326399293326e+00
9.674789813511768255e-01
9.068839191951578727e-01
8.486462700369096224e-01
7.961784135553467978e-01
7.529094776278563161e-01
7.196704193817228257e-01
6.917214616015388007e-01
6.656540579734140373e-01
6.419519436069485163e-01
6.180644748736572325e-01
5.928361893683880002e-01
5.657443895492623165e-01
5.372849882645489572e-01
5.092583473771004066e-01
4.839486152775298589e-01
4.627817466210213393e-01
