1.368772969944325624e+00
1.264711546775917350e+00
1.158116762814046741e+00
1.047571045798258993e+00
9.617793146585256192e-01
8.870128052595706025e-01
8.217345756027589765e-01
7.637823691401839366e-01
7.118473832738074769e-01
6.668847242058015823e-01
6.312541491229379798e-01
6.049358008232837980e-01
5.906654243203852683e-01
5.784834283307617175e-01
5.667655190690900069e-01
5.572737792473956286e-01
5.492170237887294970e-01
5.392040571308296393e-01
5.258433200982353117e-01
5.105646320294183749e-01
