1.285802934783766727e+00
1.232844533961747313e+00
1.151358043289866906e+00
1.044140412325268441e+00
9.565917417647858967e-01
8.797871679626052543e-01
8.132493820749954194e-01
7.548259707817968067e-01
7.029716195238459031e-01
6.579633870898666803e-01
6.228090093840358277e-01
5.969960811977068627e-01
5.858006719267032647e-01
5.743048457397230688e-01
5.631614440791887777e-01
5.536624214912981845e-01
5.459481721186045799e-01
5.363284044052265553e-01
5.234331105859790778e-01
5.086710940214798082e-01
