1.615111278411512696e+00
1.724036134325185543e+00
1.302805669571511782e+00
1.030102575539076692e+00
9.906827647965540384e-01
9.905867024535908172e-01
9.909318704961594948e-01
9.916077667733748102e-01
9.924755322012098757e-01
9.936192727449912887e-01
9.967708524496377009e-01
1.010363767384183209e+00
1.082743732920520507e+00
1.218004223727237267e+00
1.382375715046524789e+00
1.473013165082788678e+00
1.457570028129227424e+00
1.404337899023157199e+00
1.353254725048468998e+00
1.324229977495496646e+00
