1.161778569893145319e+00
1.162405855514886399e+00
1.130333526916563303e+00
1.040396068286583819e+00
9.502463069688431574e-01
8.701099289633743572e-01
8.009708515621358771e-01
7.411927671709886978e-01
6.890069760024906120e-01
6.437836771049473272e-01
6.089234804469503270e-01
5.873777545013938450e-01
5.777930602862799692e-01
5.674585771661841971e-01
5.572782602981136701e-01
5.478977173238103182e-01
5.405406679432447348e-01
5.316724379118650257e-01
5.196606655109332618e-01
5.058075243097908125e-01
