1.481581217176849430e+00
1.278517325067210830e+00
1.116573439746931351e+00
9.840436789053016442e-01
8.894531287168501166e-01
8.110146468854296797e-01
7.449270619259441562e-01
7.019209481312025378e-01
6.739027945080369175e-01
6.511448316406283077e-01
6.316313253392977778e-01
6.155806093740689988e-01
6.043710073324179977e-01
5.982103259162234732e-01
5.916473474351677808e-01
5.839480668870016267e-01
5.760093823039826866e-01
5.680241613163300451e-01
5.582421684341293266e-01
5.441283747175110763e-01
