1.253113263225251739e+00
1.225501645783482862e+00
1.128917459854458016e+00
9.963041198937001575e-01
8.895342885350516760e-01
8.010388152762263347e-01
7.282617732894223206e-01
6.753136987795429480e-01
6.503400019581018210e-01
6.289000878834303254e-01
6.122379998768012754e-01
5.987028773454720065e-01
5.890779743163512272e-01
5.841695424730195541e-01
5.795534522390903831e-01
5.725934018997544950e-01
5.659303667107564717e-01
5.592382601692540423e-01
5.507195481091713418e-01
5.382228604764069946e-01
