1.450816251071344709e+00
1.246005177385181018e+00
1.068035558545888275e+00
9.237512386611508308e-01
8.193315139268185776e-01
7.452696143407995244e-01
7.131513343699372731e-01
6.853317276125339141e-01
6.623238898596708335e-01
6.450029829626873212e-01
6.335656888365305273e-01
6.270273161926942507e-01
6.207896251891864559e-01
6.127029615539871799e-01
6.033326855039979897e-01
5.899524214491695950e-01
5.718300130359683653e-01
5.530255290270343904e-01
5.288449457428582301e-01
4.930800101274695479e-01
