1.591181110965963041e+00
1.727435774365928767e+00
1.337509926810185767e+00
1.042081591404401264e+00
9.817867008507065174e-01
9.821827071859385860e-01
9.830056340897084244e-01
9.841430271324939083e-01
9.854716868283084352e-01
9.869628019765791516e-01
9.897668529801605386e-01
9.998188803727758867e-01
1.054465048596062271e+00
1.180871481184011529e+00
1.349288836879608100e+00
1.457930439828802438e+00
1.448882541432015447e+00
1.396482938408839303e+00
1.346132906353551650e+00
1.318887026565391807e+00
