1.380847868037588633e+00
1.245194095105969900e+00
1.081434323344847570e+00
9.320812312662161148e-01
8.217553148015989128e-01
7.323107542222320188e-01
7.011989587671767499e-01
6.748048011212917086e-01
6.530424947927637724e-01
6.360899479138593104e-01
6.255744956445384863e-01
6.193685540543634183e-01
6.142066057348047892e-01
6.070952115216400324e-01
5.985335348201141770e-01
5.859560550594176132e-01
5.679360459161957309e-01
5.495993479921059688e-01
5.259645454972361467e-01
4.906337313773206366e-01
