1.302610963034794178e+00
1.231488336937846206e+00
1.087081138267890879e+00
9.354799279130733280e-01
8.209442034924750997e-01
7.282477383703415130e-01
6.917999682829287789e-01
6.664968444452138430e-01
6.456604339038158891e-01
6.295106455920341793e-01
6.190587540535854583e-01
6.132690916258765057e-01
6.090894582547483616e-01
6.027667770838976979e-01
5.948198298978479848e-01
5.829619733695887707e-01
5.650011821139123702e-01
5.470049548431543673e-01
5.238821358953449359e-01
4.889457108584044920e-01
