1.563521185256035784e+00
1.720322380783709360e+00
1.376525082254488108e+00
1.055563124847465506e+00
9.692564940395409501e-01
9.703718726919851045e-01
9.718794472834508813e-01
9.736662402499821622e-01
9.756430894418578470e-01
9.776927668579125097e-01
9.803626772601720107e-01
9.873154301192819116e-01
1.019319603969929711e+00
1.129048022178091859e+00
1.296336911881978526e+00
1.431771817905985511e+00
1.436614864894860233e+00
1.385618562565563927e+00
1.335767663884496859e+00
1.310975674376549716e+00
