1.554560209397846338e+00
1.715682543774234237e+00
1.388656044371047837e+00
1.059910249477301836e+00
9.646866672883749327e-01
9.660758242383371552e-01
9.678398567990240675e-01
9.698651087391201298e-01
9.720776116843948822e-01
9.743520374590822763e-01
9.771085391724996239e-01
9.833689930989027994e-01
1.010128542538184959e+00
1.111733480087025772e+00
1.275529151557477592e+00
1.420135040594785458e+00
1.432161083303778781e+00
1.381809359566524842e+00
1.331911041687146691e+00
1.307981496281048539e+00
