1.567356736233502357e+00
1.489300037639053276e+00
1.081460561817920274e+00
1.018273839323134089e+00
1.015246186542703821e+00
1.012544517650329379e+00
1.010084833780554137e+00
1.007877549501519532e+00
1.005906583679285315e+00
1.004154220574726253e+00
1.002602147934271493e+00
1.001232661262995816e+00
1.000029083953696940e+00
9.989758129913163254e-01
9.980584330205624077e-01
9.972637930218897218e-01
9.965765299049705872e-01
9.959974135903968406e-01
1.011146667538991295e+00
1.117610166532411409e+00
