1.593833165123444084e+00
1.743069811210856690e+00
1.325820877000273068e+00
1.036618675227112041e+00
9.986721700264373780e-01
9.997310599538936637e-01
1.001809258145184955e+00
1.004836566081236615e+00
1.008741340178571644e+00
1.013355814458839932e+00
1.018358968656307262e+00
1.023437411118918172e+00
1.029634613597343318e+00
1.043651104907498350e+00
1.099525951331387308e+00
1.217684185937951025e+00
1.319160930491737993e+00
1.384046760199091786e+00
1.369830174344713658e+00
1.302530707428085188e+00
