1.568452513655377523e+00
1.738885987661524135e+00
1.362511726997194028e+00
1.047448234820007595e+00
9.884593365210202487e-01
9.902618113473409256e-01
9.930248249214135292e-01
9.966645569171703745e-01
1.001128219128922137e+00
1.006272732548849413e+00
1.011810023098322686e+00
1.017380369032637732e+00
1.023565608079123557e+00
1.035497451622186871e+00
1.079361765986205146e+00
1.192907058849294710e+00
1.300258336477198018e+00
1.368572339381572078e+00
1.360877642810183641e+00
1.294819647237111848e+00
