1.544348303914469644e+00
1.731303411337376419e+00
1.409865369882561836e+00
1.070187198170902576e+00
9.816136192671292005e-01
9.839506641524320418e-01
9.872018408735266926e-01
9.912633160956607625e-01
9.960982862946358152e-01
1.001577748763883946e+00
1.007432497439165298e+00
1.013310379917696347e+00
1.019676961121452230e+00
1.031114640507246216e+00
1.071297283823683388e+00
1.180473166475793256e+00
1.289519968148877815e+00
1.358605758966371591e+00
1.354761100666587614e+00
1.289658916170874026e+00
