1.505280667392224103e+00
1.700976073211165618e+00
1.460070457498907182e+00
1.092327937987702668e+00
9.639675349215953704e-01
9.676831461173095450e-01
9.721651299386030454e-01
9.773008364951533133e-01
9.830923025185706043e-01
9.894472220061877321e-01
9.961532520872776741e-01
1.002879202257672908e+00
1.009717898640020817e+00
1.019474395926452281e+00
1.045980041874052802e+00
1.137396774346756345e+00
1.253637461465215264e+00
1.326811187044278029e+00
1.339372406113009006e+00
1.276895869500527025e+00
