1.485775072464457613e+00
1.687404885295694656e+00
1.491656150920480872e+00
1.114094377704886174e+00
9.615205269628019913e-01
9.636394821861967719e-01
9.684531235811105754e-01
9.738734594616669238e-01
9.799057326910231014e-01
9.864684153044745996e-01
9.933633701920112635e-01
1.000281957492645368e+00
1.007302403517998268e+00
1.016948510415041973e+00
1.041247883024403631e+00
1.127925721035790918e+00
1.244623404880841555e+00
1.318367604896626855e+00
1.335770442987939344e+00
1.274326864039452278e+00
