1.557102858911734167e+00
1.494915569690199009e+00
1.084430811731738276e+00
1.015857071215594321e+00
1.012795210839832372e+00
1.010072007943437988e+00
1.007597095647053020e+00
1.005381673340492554e+00
1.003408933164980921e+00
1.001660308112858555e+00
1.000116809242707516e+00
9.987604291379023058e-01
9.975737222293064033e-01
9.965404901794805426e-01
9.956461068544132376e-01
9.948763459595719727e-01
9.942168600320844263e-01
9.936662528537782979e-01
1.006966843640487053e+00
1.112053763695431963e+00
