1.521051686909063783e+00
1.729874952000541866e+00
1.430754088523763734e+00
1.071253309291156253e+00
9.888780396460118416e-01
9.935729083146365159e-01
9.997387516461261336e-01
1.007130109961783093e+00
1.015543510456680121e+00
1.024712177313359396e+00
1.034322549215306308e+00
1.043971257679117581e+00
1.053057890305005628e+00
1.060757683982117783e+00
1.066772745945971268e+00
1.073786760235579729e+00
1.092715576091015439e+00
1.133149865953796187e+00
1.237588818148469993e+00
1.286352266549974477e+00
