1.503354843609891134e+00
1.716154463574767419e+00
1.457092225113356232e+00
1.084440868283775616e+00
9.829067065496048805e-01
9.881624895191880587e-01
9.948202762260591747e-01
1.002630452757524271e+00
1.011406209230526043e+00
1.020890590249621255e+00
1.030778690885385096e+00
1.040675112512967626e+00
1.049993646786933077e+00
1.057925099593378437e+00
1.064131655040911895e+00
1.071032147802972734e+00
1.088715166809332224e+00
1.126106163492942569e+00
1.228666914116672837e+00
1.280462727576227255e+00
