1.490187913062168246e+00
1.705447883842204249e+00
1.471304767703302874e+00
1.091406742793625817e+00
9.780638412805067183e-01
9.837730010223935118e-01
9.908247790741019356e-01
9.989714360205199650e-01
1.008039587316712504e+00
1.017780718736956747e+00
1.027895964104210913e+00
1.037996480413915013e+00
1.047506996888498687e+00
1.055632092058790050e+00
1.062003984400034851e+00
1.068818942495786573e+00
1.085388067308182158e+00
1.120255950532333955e+00
1.221052369307367158e+00
1.275733177520417039e+00
