1.442352523941048181e+00
1.668418038364983813e+00
1.526049397080454950e+00
1.128652407718112816e+00
9.663601159647940975e-01
9.722767969442867031e-01
9.804185721485861871e-01
9.894773213714862514e-01
9.993217783279555455e-01
1.009731874260865414e+00
1.020426774141080184e+00
1.031030076379911176e+00
1.040989417960234587e+00
1.049578918287534357e+00
1.056479162407477634e+00
1.063419853307704166e+00
1.077896850884853652e+00
1.106297279735476868e+00
1.200757088703857889e+00
1.263562191032061355e+00
