1.550370352428577458e+00
1.496761217798434629e+00
1.085296386245822475e+00
1.013866732263500658e+00
1.010778579265106281e+00
1.008038676872428319e+00
1.005553511902465225e+00
1.003334056295396737e+00
1.001362976588388687e+00
9.996210048756152267e-01
9.980886852275552279e-01
9.967471146782214131e-01
9.955784428983381895e-01
9.945663855263809916e-01
9.936953258465976990e-01
9.929512137380333003e-01
9.923190024451569169e-01
9.917967131072088494e-01
1.003390801037954638e+00
1.107197230948825162e+00
