1.151046426465651695e+00
1.112557788577787754e+00
1.056326361607991426e+00
1.019223855578790472e+00
1.001897244172870405e+00
9.975102304470893078e-01
9.932880139671756980e-01
9.884052949808250776e-01
9.800386048324903898e-01
9.675907921568412950e-01
9.522294700231407338e-01
9.350632318503697693e-01
9.167452814199227307e-01
8.976277177108120675e-01
8.778125918037841258e-01
8.572856953784451228e-01
8.360913653409423052e-01
8.144231983734663283e-01
7.927979034937304714e-01
7.724572449903812643e-01
