1.116816455083545989e+00
1.069529821064681752e+00
1.019624623830232002e+00
9.920043379531156003e-01
9.824457137297657461e-01
9.837746218737426496e-01
9.869231729308945988e-01
9.859345847341646207e-01
9.797096789654572424e-01
9.679007712539000607e-01
9.523548694901354805e-01
9.347857075526868620e-01
9.161511092675117540e-01
8.968661719532901033e-01
8.769726615906587863e-01
8.564293976036378986e-01
8.352445382440654154e-01
8.135746556925294026e-01
7.919052241363231381e-01
7.714607193058655721e-01
