1.080451767508380012e+00
1.032522303924011897e+00
9.882252964556547115e-01
9.660284791311538610e-01
9.601687303020783881e-01
9.637040643027438014e-01
9.703777062487158878e-01
9.724011677803847675e-01
9.694995624659572542e-01
9.605580603707148946e-01
9.470042721682212505e-01
9.306938603543718491e-01
9.128617782245112000e-01
8.941380456181056147e-01
8.747098107361792607e-01
8.545653456570324602e-01
8.337174271627179056e-01
8.123163977306143702e-01
7.908366103437465267e-01
7.704959685205258202e-01
