1.059095301270829736e+00
1.011903445851034533e+00
9.705555427808028046e-01
9.514548076821901512e-01
9.479844993113498708e-01
9.532832417493759536e-01
9.625021504663423544e-01
9.665112952408764224e-01
9.654754204436276632e-01
9.579214595415725952e-01
9.451915272500038823e-01
9.293195864820269492e-01
9.117402893998804991e-01
8.932043312647010014e-01
8.739469311038664534e-01
8.539633507252053501e-01
8.332586332219686920e-01
8.119687170326127523e-01
7.905526417744412893e-01
7.702166954622570172e-01
