1.049888682227756220e+00
1.004120001275351726e+00
9.635236403255671433e-01
9.451378640361247641e-01
9.422437175477196281e-01
9.480002297789379417e-01
9.581162636075226668e-01
9.629682013861337042e-01
9.629110203266535439e-01
9.562301506169847976e-01
9.441108365098352939e-01
9.286079146815116037e-01
9.112440589869470475e-01
8.928488386373979457e-01
8.737034869161363071e-01
8.538127163544839693e-01
8.331825436182000999e-01
8.119444808136104808e-01
7.905524722779723179e-01
7.702103531446150564e-01
