1.271245849799153227e+00
1.246841923697462384e+00
1.209754718412279217e+00
1.211964028432538143e+00
1.219104109095926258e+00
1.221998806819494243e+00
1.204556495081775758e+00
1.182648925416861951e+00
1.160121891431233676e+00
1.137865627300785221e+00
1.117656609968642911e+00
1.094627591835471980e+00
1.064484753486915292e+00
1.035275905599840840e+00
1.009112432691669170e+00
9.843292954955589202e-01
9.595006119892266483e-01
9.338394429571128530e-01
9.073789676227926870e-01
8.817902075366147452e-01
