1.535637491241987229e+00
1.512824928790792889e+00
1.096407080213930518e+00
1.012784786901032463e+00
1.009660266835163744e+00
1.006894979835076587e+00
1.004383375002873668e+00
1.002139121486476325e+00
1.000144731999932812e+00
9.983814005877722497e-01
9.968292044196883639e-01
9.954693190472664321e-01
9.942837866961083959e-01
9.932560261337045615e-01
9.923704969969290302e-01
9.916131950275521856e-01
9.909691005273266740e-01
9.904528244540214965e-01
1.001409139272227966e+00
1.103827244524904216e+00
