1.220024291845665410e+00
1.187156242628509606e+00
1.151095044758806862e+00
1.166249783344781799e+00
1.204487453311158696e+00
1.218968447180243331e+00
1.205814548420759635e+00
1.182247720937503965e+00
1.159648799708745237e+00
1.136672345689563324e+00
1.115210253579112187e+00
1.095484152156998237e+00
1.065840151005058134e+00
1.033764026055430385e+00
1.006018498208828493e+00
9.806273567537467928e-01
9.556570340677434938e-01
9.300457404731068412e-01
9.036564633741102082e-01
8.780377340856493351e-01
