1.178871775111978382e+00
1.145976077964327988e+00
1.115595790948193944e+00
1.119522545952337467e+00
1.178546914098979936e+00
1.203869647531056186e+00
1.197586813821458485e+00
1.174335364010713256e+00
1.153196176063574496e+00
1.131935745155878248e+00
1.110939917702429280e+00
1.092914203156836406e+00
1.065558609975230553e+00
1.032275381788118063e+00
1.003796136021492647e+00
9.782276173856312429e-01
9.533318394557761533e-01
9.278892460772295570e-01
9.016600528184580687e-01
8.761116468011732605e-01
