1.217509581340978198e+00
1.173830633200736662e+00
1.263152540801088186e+00
1.324389411905730229e+00
1.321033838576135100e+00
1.242233110310525301e+00
1.184615092742588693e+00
1.166275439992168206e+00
1.157852316090997258e+00
1.142740178578297794e+00
1.120314085611102684e+00
1.099380700199527716e+00
1.076126729915940494e+00
1.039063390838060874e+00
1.007074496158935295e+00
9.797666557450909197e-01
9.539589143734352739e-01
9.280152751092265451e-01
9.015056150064433282e-01
8.757942665718908559e-01
