1.179749270628050350e+00
1.138794524150514853e+00
1.146531076845664021e+00
1.276661831861619412e+00
1.307484339127426232e+00
1.234155583939914536e+00
1.163485948802569059e+00
1.140017804983207039e+00
1.139438179384451910e+00
1.134594913882148504e+00
1.118051770339040019e+00
1.097637714901705142e+00
1.078932429239142676e+00
1.042494715371497627e+00
1.008196316509474055e+00
9.798711349296304052e-01
9.536545149365595053e-01
9.275569241048737812e-01
9.009700206468811423e-01
8.751472831085018722e-01
