1.537511038901815175e+00
1.503546942152583998e+00
1.089637359034967057e+00
1.011053463627602067e+00
1.007918267421297642e+00
1.005146953475492433e+00
1.002638727975411204e+00
1.000405081370196569e+00
9.984277752438580622e-01
9.966868713902781174e-01
9.951621392370797459e-01
9.938335645381620731e-01
9.926830809216019569e-01
9.916930785449605823e-01
9.908478147587436169e-01
9.901327524246971157e-01
9.895326763231123701e-01
9.890618878860113483e-01
9.981913795208638973e-01
1.099474039577127638e+00
