1.256940361160747699e+00
1.426833228555017374e+00
1.603145342933638862e+00
1.507003439260822031e+00
1.208887219340111674e+00
1.016358637298393042e+00
9.453243584263604227e-01
9.508682396774679191e-01
9.948867435202742859e-01
1.064514807584047151e+00
1.139443204152943867e+00
1.193921178217757895e+00
1.210115198561221961e+00
1.191867598321560973e+00
1.164934684601851345e+00
1.148014130895838480e+00
1.118999535327023231e+00
1.071296308403134834e+00
1.032124796159920255e+00
1.003589865093917677e+00
