1.235130297644466246e+00
1.349273118685724970e+00
1.546880603277028365e+00
1.523581240910244050e+00
1.233799824591006900e+00
1.022641708755858136e+00
9.336459018141519683e-01
9.375232797751255065e-01
9.734483335348392830e-01
1.037681449955155433e+00
1.114525268310055051e+00
1.177745227824589236e+00
1.203580920984517633e+00
1.190140631971110974e+00
1.162755983062540244e+00
1.145278949090591469e+00
1.116069295273441231e+00
1.067489429188449135e+00
1.027998707555205282e+00
9.995037026217169496e-01
