1.213708323189237381e+00
1.213279735997542907e+00
1.476838172918375935e+00
1.539267674777759609e+00
1.280991149004580443e+00
1.049908237982465131e+00
9.392313219584980111e-01
9.274208074489393994e-01
9.545738670310451868e-01
1.014973636704981086e+00
1.093648849122682787e+00
1.163653592768950418e+00
1.197144149073599007e+00
1.187887913605201851e+00
1.160721929754949144e+00
1.142955894581547671e+00
1.113268602954470499e+00
1.064166841110548933e+00
1.024740761818621726e+00
9.963907265215096176e-01
