1.196436263446749360e+00
1.184154621821623898e+00
1.423568550841372682e+00
1.531634505102439370e+00
1.310739010769117030e+00
1.069113194563200864e+00
9.422629629551453334e-01
9.183792221878915862e-01
9.372751610240073195e-01
9.930913631298327049e-01
1.072493934037168195e+00
1.148823477177532748e+00
1.190568833734684695e+00
1.186278672499365250e+00
1.159394017103615893e+00
1.141255195751622820e+00
1.111578685837795621e+00
1.061853190635665189e+00
1.022174443390105658e+00
9.938400722360654083e-01
