1.408938552873535199e+00
1.666489136257442105e+00
1.728552450159180465e+00
1.405498114680171495e+00
1.148955940371211959e+00
1.039416218133487391e+00
1.037433836799808162e+00
1.037488611868218724e+00
1.045775603721432301e+00
1.082392187441774567e+00
1.151508565756936830e+00
1.247522814593366558e+00
1.352971289263661170e+00
1.435536546548466630e+00
1.455981931004979968e+00
1.406565876348284672e+00
1.345628694056287600e+00
1.314251133674860572e+00
1.307239850542777582e+00
1.306019644995666251e+00
