1.528576885307264321e+00
1.512150102794085793e+00
1.096044088181019394e+00
1.010212629842189624e+00
1.007052497169678151e+00
1.004264141806966215e+00
1.001739004298795699e+00
9.994903758390908388e-01
9.975000100678991233e-01
9.957478240303578865e-01
9.942130952684984369e-01
9.928763671334567276e-01
9.917187739981302430e-01
9.907228951320490307e-01
9.898728423677902732e-01
9.891540303883684659e-01
9.885511985227736220e-01
9.881021256857887014e-01
9.967844625223958310e-01
1.096716030080581383e+00
