1.273112779597795674e+00
1.453328681596653293e+00
1.640597575153671883e+00
1.538279649995771159e+00
1.229950643735133742e+00
1.032575067885662001e+00
9.846606949607787929e-01
9.849655225442101036e-01
9.853527188792229330e-01
9.925769503351863365e-01
1.026635753074343294e+00
1.102043144755647575e+00
1.214461185146072930e+00
1.334312999922669274e+00
1.403030118492306189e+00
1.373815551582029393e+00
1.308356610945857534e+00
1.282120118543512044e+00
1.284620373707578089e+00
1.289273234789244604e+00
