1.169175536084160472e+00
1.183942261131606610e+00
1.385687382606388462e+00
1.543329312141438869e+00
1.371684193703986976e+00
1.105487624009140690e+00
9.476199430344016683e-01
9.349486234710440158e-01
9.404784131516766843e-01
9.414211625195543220e-01
9.512123520122965914e-01
9.871884573297118326e-01
1.071958609544291896e+00
1.200537690555122605e+00
1.322895536347202583e+00
1.344950048860778402e+00
1.272233212394118684e+00
1.244718407764465518e+00
1.257588371680217865e+00
1.269788529542799083e+00
