1.139154149157823870e+00
1.157508601062844811e+00
1.289109950883156275e+00
1.483477421786934425e+00
1.414469128594930236e+00
1.151448908487627154e+00
9.672198475639438575e-01
9.199545842329183154e-01
9.268154524337215427e-01
9.309884011726736741e-01
9.364890035419380920e-01
9.608802447168087735e-01
1.033383249413441174e+00
1.157168125244895762e+00
1.291396350278577021e+00
1.336342476296296322e+00
1.264172296011779162e+00
1.233086012765353567e+00
1.248809170308929239e+00
1.263629834190432621e+00
