1.315228597812668543e+00
1.536899334755248425e+00
1.714062547491688848e+00
1.516051125882376116e+00
1.205558829350655170e+00
1.039121957381591743e+00
1.023220984531801658e+00
1.019911760387146593e+00
1.016017380940021031e+00
1.012888965261852015e+00
1.013531865545359123e+00
1.025153730546179975e+00
1.065732413410311441e+00
1.163182760045751163e+00
1.316340043754624212e+00
1.469495530450941390e+00
1.495551756133203680e+00
1.429368552046886176e+00
1.365343649033821549e+00
1.326576568408387669e+00
