1.522872270200964495e+00
1.516208296748672746e+00
1.099372437609556608e+00
1.009373151164502325e+00
1.006194069394638291e+00
1.003392529512604048e+00
1.000856589668566832e+00
9.985996165194584995e-01
9.966031369962790043e-01
9.948468996373467377e-01
9.933103184977069011e-01
9.919733305039298843e-01
9.908170513138599977e-01
9.898237127168155736e-01
9.889775058914408445e-01
9.882633911693040618e-01
9.876663375395531297e-01
9.872445491180297239e-01
9.954721454317980722e-01
1.094085702518691416e+00
