1.245253241137873612e+00
1.410923374450106405e+00
1.618915272584749321e+00
1.505348187044214026e+00
1.177558822928479687e+00
9.840985814141971488e-01
9.783292059929276085e-01
9.812696411001590180e-01
9.827943217736975212e-01
9.833313538453042346e-01
9.834891606170803602e-01
9.848654276368398186e-01
1.000764395836446052e+00
1.056366196993478113e+00
1.184192717771050063e+00
1.366228659049742333e+00
1.467704217934596267e+00
1.410674047642992424e+00
1.344825765262893658e+00
1.311165145880227811e+00
