1.186907204094985513e+00
1.228089854453281671e+00
1.468409005994575356e+00
1.599122118471748344e+00
1.361183856637170564e+00
1.093493587149794388e+00
9.651874817907571957e-01
9.704048492806330861e-01
9.740530716246529330e-01
9.762132989200023037e-01
9.775596322798419946e-01
9.797737887707466120e-01
9.971458255937675208e-01
1.049828073632887993e+00
1.172782026874034544e+00
1.352516639313038560e+00
1.461421708791830198e+00
1.406178653527130784e+00
1.339582801944657842e+00
1.306666575018978538e+00
