1.165687936599201224e+00
1.206785391017039188e+00
1.423673973243254842e+00
1.579637530343427354e+00
1.374107632388321232e+00
1.097538001269354080e+00
9.528326852735996555e-01
9.592198050427925837e-01
9.646026681053334606e-01
9.682578837538680094e-01
9.707644814118308041e-01
9.733953665656251975e-01
9.849649643975159075e-01
1.026302368081690952e+00
1.138789457912186442e+00
1.318497493843405977e+00
1.449611131246584472e+00
1.401770207250215616e+00
1.333567914232521634e+00
1.301756871799742532e+00
