1.112176744844144860e+00
1.154970996943179395e+00
1.225106973763192997e+00
1.477583274308938988e+00
1.457462554444683756e+00
1.177866683974216677e+00
9.727866094640928996e-01
9.299085911195765775e-01
9.397096216260418799e-01
9.474809387739121513e-01
9.533124208310502778e-01
9.580365985796120976e-01
9.644038021350783696e-01
9.932875664024730655e-01
1.077290198623746198e+00
1.240101376052202831e+00
1.410159596726545228e+00
1.392373283493056224e+00
1.317683775532250579e+00
1.287419271721243597e+00
