5.552436723758200632e-01
5.616739123915619469e-01
5.685270501890717920e-01
5.757549891018660659e-01
5.832825293091137286e-01
5.910250007643649273e-01
5.988983727788519396e-01
6.068246198094013888e-01
6.147339408666623317e-01
6.225661463387059946e-01
6.302670773550146377e-01
6.377828871352888562e-01
6.450373496148112951e-01
6.518718346660621332e-01
6.578679946772237885e-01
6.618206286329988419e-01
6.601328169310252125e-01
6.341199193768548570e-01
6.385516087535842988e-01
6.406618498833325237e-01
