1.616729871889287518e+00
1.481431810314540520e+00
1.094544551938819943e+00
1.038404427425474452e+00
1.038917858776773340e+00
1.039492389989830290e+00
1.040055545815378402e+00
1.040625832536477446e+00
1.041201675374566760e+00
1.041781070221563965e+00
1.042363218540432568e+00
1.042946761330362238e+00
1.043530996244655729e+00
1.044115555981008914e+00
1.044700455304604869e+00
1.045290932818334850e+00
1.045328892430910539e+00
1.083947250800984641e+00
1.209904677798948835e+00
1.276752024370706673e+00
