5.147680400721642568e-01
5.203798710599069066e-01
5.263407995888790269e-01
5.325627216276118681e-01
5.389855918931066858e-01
5.455556202710529767e-01
5.522209039035651523e-01
5.589322441899434724e-01
5.656431030993842590e-01
5.723112436631674349e-01
5.788970452086009688e-01
5.853593144931463765e-01
5.916410985734468220e-01
5.976284660544441962e-01
6.030267773347273152e-01
6.069973490986950715e-01
6.070468394951866742e-01
5.867163641450990896e-01
6.045652604569259347e-01
6.295809325050130134e-01
