4.985849676179015533e-01
5.038788447193143227e-01
5.095007402055385937e-01
5.153485565438993277e-01
5.213646736799557591e-01
5.275022858036355622e-01
5.337182719365786143e-01
5.399710816494878163e-01
5.462215607072945511e-01
5.524330104098749139e-01
5.585712311314321443e-01
5.646007727174244817e-01
5.704741676648806825e-01
5.761001186043768207e-01
5.812475991015404464e-01
5.852651891150091323e-01
5.862249840300250980e-01
5.720205925444280526e-01
5.810701671768638832e-01
6.250828416908515983e-01
