4.967885274514393101e-01
5.020362606235597713e-01
5.076106936535635938e-01
5.134066880917990128e-01
5.193658494481887544e-01
5.254423296919108477e-01
5.315936617941088294e-01
5.377788456138634654e-01
5.439600359975138577e-01
5.501009926239404102e-01
5.561680275446341248e-01
5.621250470480144701e-01
5.679221217560772583e-01
5.734589320309562144e-01
5.784775708830476315e-01
5.822447444319484022e-01
5.825826408816250357e-01
5.646304552339109772e-01
5.928424176050145489e-01
6.252726292842316624e-01
