4.919539186591995183e-01
4.970934624600568119e-01
5.025505513887434939e-01
5.082179900363432701e-01
5.140386211091705349e-01
5.199692324760532003e-01
5.259698221041240185e-01
5.320023074836195409e-01
5.380307069104762752e-01
5.440209087098533125e-01
5.499410351324998114e-01
5.557578543761334533e-01
5.614270739810611754e-01
5.668630458187948751e-01
5.718508985784086507e-01
5.757853619353625607e-01
5.768747198628261241e-01
5.639639381749644853e-01
5.758018616702151871e-01
6.208045256742653617e-01
