6.019613196431869984e-01
6.130644597863891265e-01
6.245900370253238965e-01
6.365980236366277634e-01
6.490193446896478369e-01
6.617315504348113553e-01
6.746009907675308837e-01
6.875027830014701635e-01
7.003266982132470009e-01
7.129671062211790922e-01
7.252859309795098852e-01
7.369996070093732810e-01
7.474442564655422450e-01
7.622100790855573793e-01
7.650705172640676066e-01
7.685411284608902882e-01
7.678715162600832089e-01
7.585622450696226649e-01
7.366040241407949551e-01
7.053720998359478411e-01
