5.508242263133606986e-01
5.606781290428676234e-01
5.709116297253283845e-01
5.815126923276352500e-01
5.924521868640311162e-01
6.036798389726726333e-01
6.151308724483918189e-01
6.267352759269645412e-01
6.384245019832650581e-01
6.501354520378500590e-01
6.618110333455937688e-01
6.733955459478242478e-01
6.848159310145276457e-01
6.959250560350030979e-01
7.063354036591509288e-01
7.149754794775405875e-01
7.192068690527253505e-01
7.215750214075851154e-01
7.228770152738684951e-01
6.934934603880633652e-01
