4.941567515858806825e-01
5.023333576334285677e-01
5.108481600579320991e-01
5.196248791407545031e-01
5.286357506440326759e-01
5.378600034120096796e-01
5.472732061669502990e-01
5.568459079352043872e-01
5.665467416218042951e-01
5.763429659002572425e-01
5.862031371672715707e-01
5.960972160008242149e-01
6.059959714020464183e-01
6.158631435243495655e-01
6.256347209397675746e-01
6.351554505114309634e-01
6.439922362408444512e-01
6.508771469799522480e-01
6.520026433415623268e-01
5.984696838492369331e-01
