4.927316198409881776e-01
5.008798471946189768e-01
5.093668359960357161e-01
5.181142869725581246e-01
5.270935661611734213e-01
5.362838381494906548e-01
5.456608093602833831e-01
5.551959643440506076e-01
5.648577096055520386e-01
5.746141891216498543e-01
5.844344088084798550e-01
5.942889169240437308e-01
6.041491382218763251e-01
6.139792635883156713e-01
6.237162578240987854e-01
6.332069929466919156e-01
6.420229660067870991e-01
6.489086016401615087e-01
6.500811217288906541e-01
5.971463855713889934e-01
