4.895803709754701916e-01
4.976348158946057310e-01
5.060258802666592892e-01
5.146727663205477032e-01
5.235467011554237882e-01
5.326278399426520593e-01
5.418932798626603375e-01
5.513162354396554665e-01
5.608667229746693295e-01
5.705143145258158022e-01
5.802292223039715591e-01
5.899830705001387621e-01
5.997479789342717860e-01
6.094887751195636749e-01
6.191439869193556822e-01
6.285643556930353704e-01
6.373308866816349560e-01
6.442200199730048205e-01
6.455387699092812737e-01
5.937622106348383610e-01
