4.862382597181912347e-01
4.941411194549298336e-01
5.023739729576212065e-01
5.108540041231700579e-01
5.195530173772222593e-01
5.284525719352650697e-01
5.375321377324284722e-01
5.467670006335398902e-01
5.561298914018587558e-01
5.655919273787735069e-01
5.751256605809800249e-01
5.847039039165728980e-01
5.942996253675086882e-01
6.038794579246025140e-01
6.133837384188123298e-01
6.226677031975467180e-01
6.313279834895275666e-01
6.381852081958248046e-01
6.396946125528275573e-01
5.886406735502685006e-01
