6.780026416198821071e-01
6.943336351140807494e-01
7.115488781515095784e-01
7.298511732807561048e-01
7.490170702827430027e-01
7.687134762392630050e-01
7.885010806007515249e-01
8.085721975556237062e-01
8.274895001309297005e-01
8.459215190372390003e-01
8.611748274619899224e-01
8.733493071532880681e-01
8.835442020485283487e-01
8.892931019098452294e-01
8.879442731406732570e-01
8.789056846748732887e-01
8.635826229373098073e-01
8.441344380241805334e-01
8.221111744420759315e-01
7.997642613634013964e-01
