1.541758045691058454e+00
1.480490014664367360e+00
1.060570628714338604e+00
1.006945055979956871e+00
1.002333355120436087e+00
9.986064262396883162e-01
9.955709615004244561e-01
9.931293413842542384e-01
9.911778919930565035e-01
9.896295725801743659e-01
9.884129302030403297e-01
9.874693189926192494e-01
9.867508075150502878e-01
9.862188737043020570e-01
9.858414266965319639e-01
9.855928836120968484e-01
9.854521295051248408e-01
9.854030735104601924e-01
9.855368436698941359e-01
9.855272043804166326e-01
