6.201046207416488487e-01
6.355440877334161964e-01
6.518052860943112092e-01
6.689905469982224684e-01
6.870305017522924107e-01
7.058035076822215537e-01
7.251871320282500255e-01
7.450300950917039255e-01
7.654149670417607076e-01
7.884091019035602832e-01
8.126073522893554335e-01
8.361349936176930564e-01
8.555145651996385325e-01
8.716934495640914493e-01
8.808548316830852043e-01
8.793670728407957382e-01
8.673520475754232795e-01
8.480107275428071523e-01
8.246919910701869805e-01
8.003525237949375981e-01
