6.067957275739083167e-01
6.219431223906584094e-01
6.378824339640978280e-01
6.546952863860623362e-01
6.723339346454643151e-01
6.907026330669395753e-01
7.097020610328650392e-01
7.292237005954085305e-01
7.491040489397037261e-01
7.708807140662329305e-01
7.948205394584016981e-01
8.202654039232927241e-01
8.409618488130156111e-01
8.593996244139988638e-01
8.720818281943708561e-01
8.746246552058639656e-01
8.657157355814381061e-01
8.476964368591773935e-01
8.247051598938539563e-01
8.001993097329758164e-01
