5.929702782730317256e-01
6.077813129920591750e-01
6.233569612428919715e-01
6.397577846703512705e-01
6.569552436051173672e-01
6.748776015198371114e-01
6.934475377005669960e-01
7.125915405815448356e-01
7.322031566082475296e-01
7.523031600080141157e-01
7.750739015636654017e-01
8.003432201285686221e-01
8.233602940129202130e-01
8.440947819656271500e-01
8.607390500604426009e-01
8.686230533575045598e-01
8.642752710612598976e-01
8.485232243236238148e-01
8.256528922040792251e-01
8.005272202507111023e-01
