5.921141382540549003e-01
6.068829040810385100e-01
6.224296377888023368e-01
6.388110620190445843e-01
6.559974958653483901e-01
6.739186230006699585e-01
6.925003592824777732e-01
7.116735360324206727e-01
7.313367567184522189e-01
7.515803465454267140e-01
7.748618733659594637e-01
8.008630097334622500e-01
8.248215043881003128e-01
8.462653136637590112e-01
8.632242256766610167e-01
8.707471051761319636e-01
8.655853969125448799e-01
8.490917180395307629e-01
8.259593328762474540e-01
8.007301143736302862e-01
