7.519632313861174255e-01
7.745954110099022571e-01
7.996749595977812319e-01
8.274302205659279652e-01
8.543847375452813253e-01
8.795586975916678263e-01
9.038226605801039648e-01
9.289945074951169168e-01
9.583669537586079201e-01
9.968150221770687436e-01
1.026296518384238299e+00
1.040468381621869387e+00
1.041053331609377075e+00
1.031014102854359349e+00
1.013262222547494984e+00
9.939168023990934131e-01
9.743714679532193834e-01
9.523197754352777933e-01
9.253054580554809228e-01
8.936401507518972887e-01
