6.947597683208838193e-01
7.169964570457950659e-01
7.414054114062442746e-01
7.684684632858760356e-01
7.980610615744103686e-01
8.291144006557712443e-01
8.607040435157337077e-01
8.932952258253534783e-01
9.282778945139512627e-01
9.699554206925278255e-01
1.018854291952814295e+00
1.045188181067238986e+00
1.049904207962105485e+00
1.045320598063185225e+00
1.034552049440674582e+00
1.009273638985769495e+00
9.824776719199447284e-01
9.566804697532934609e-01
9.275700989134271213e-01
8.939494629859414676e-01
