6.739562438857586990e-01
6.957813508485264364e-01
7.196855183611380324e-01
7.461284960355816231e-01
7.752109062213953239e-01
8.066780117175772480e-01
8.401546749759486454e-01
8.750906239513943641e-01
9.123538789438597751e-01
9.550903307636156025e-01
1.008635931061153457e+00
1.043851430165702032e+00
1.051400949839049748e+00
1.046068031042853397e+00
1.039410629522970364e+00
1.018056538964495328e+00
9.875745526729872159e-01
9.594790130905799241e-01
9.292587560841861771e-01
8.947434235873018560e-01
