6.663447896360947809e-01
6.879911281384727406e-01
7.116893342866368322e-01
7.378899495947465192e-01
7.667490122383965323e-01
7.982540323978015717e-01
8.323615406077217171e-01
8.681182496586526964e-01
9.063576609118030314e-01
9.497339396380866106e-01
1.004230019225185178e+00
1.044512835589160860e+00
1.053462148246138153e+00
1.047168788246839899e+00
1.040974499713168466e+00
1.023250959564147688e+00
9.911001446252130087e-01
9.614457584306276283e-01
9.304705767096732583e-01
8.954056707454544073e-01
