6.599424008821019871e-01
6.814279551531499113e-01
7.049423175124196472e-01
7.309206946131581173e-01
7.595422062716628009e-01
7.908686712164759713e-01
8.251837689856988955e-01
8.615073997220542568e-01
9.004451102817202512e-01
9.442241375012778715e-01
9.988245813171929832e-01
1.042656256360349865e+00
1.053256791232411338e+00
1.046817157302220913e+00
1.040711711795990979e+00
1.025634114664212948e+00
9.930097547449536766e-01
9.624738779252940413e-01
9.311318890193950315e-01
8.958186798170557630e-01
