8.550682044548374439e-01
8.883270820205779739e-01
9.195182095041124493e-01
9.481002244397173095e-01
9.760534058160418303e-01
1.006665789948439915e+00
1.060285473986579685e+00
1.179798226794585236e+00
1.262554783961692406e+00
1.252718735475040646e+00
1.223984279079548543e+00
1.201580715260056165e+00
1.185830030571607852e+00
1.172788188361716166e+00
1.158248230791037336e+00
1.144393209629169350e+00
1.129337351448312710e+00
1.096875804058703885e+00
1.047297172768003826e+00
1.008266173382752706e+00
