7.982028746247290529e-01
8.325633695091275710e-01
8.731001159938484024e-01
9.133195651821679473e-01
9.548658152653825004e-01
9.989542372208424226e-01
1.104115598893091743e+00
1.273260446204355301e+00
1.293507211513937216e+00
1.216234479388828893e+00
1.168326645911365036e+00
1.154865410286741056e+00
1.157304400592265692e+00
1.160208682291766769e+00
1.153213940219475431e+00
1.137820352574375748e+00
1.123116439312561887e+00
1.088004673123811550e+00
1.032743684658382843e+00
9.907970194094436467e-01
