7.370522375374017887e-01
7.701168005514773540e-01
8.101230420890592754e-01
8.558556911158318181e-01
9.079386457526742449e-01
9.654603204569036645e-01
1.084110997424888367e+00
1.299286640333680687e+00
1.250960152501211065e+00
1.089549487761082514e+00
9.994801358409017844e-01
9.871705530197550926e-01
1.025012522500814427e+00
1.085098829953242916e+00
1.129780260943278325e+00
1.133692514867177259e+00
1.118815393111990186e+00
1.089598153520508150e+00
1.026151865072227665e+00
9.758601549039899181e-01
