7.208222683460343561e-01
7.527548492298583582e-01
7.909455860142420303e-01
8.362903790166807960e-01
8.877762450243413817e-01
9.455337385949182938e-01
1.023251274868794303e+00
1.252780434682697397e+00
1.274219089616897449e+00
1.106302526793254692e+00
9.930631155249974862e-01
9.639451983832501014e-01
9.947529749290031642e-01
1.059193253572325855e+00
1.117886393374948995e+00
1.133220823651833520e+00
1.118257349807300516e+00
1.092631734057326165e+00
1.028101198218779544e+00
9.738051139587643457e-01
