1.390878674246498470e+00
1.639959982030454677e+00
1.521356908989960788e+00
1.170486533339983648e+00
1.033628379275961739e+00
1.016167801570523110e+00
1.013760550398725258e+00
1.014160278030288964e+00
1.014746334720975529e+00
1.015494125861222674e+00
1.016387348012242953e+00
1.017407291262518054e+00
1.018537988794230298e+00
1.019766675930515953e+00
1.021082268573985763e+00
1.022479806607491160e+00
1.023966816039622696e+00
1.023233636764738996e+00
1.046460685664508006e+00
1.048049290862947069e+00
