1.351005007150105630e+00
1.592827917948553385e+00
1.540430597156900783e+00
1.199721697194138681e+00
1.023018216029015548e+00
1.004713396911684598e+00
1.000836384746230490e+00
1.001107734662768367e+00
1.001579180249188905e+00
1.002214881615793862e+00
1.003005402034581106e+00
1.003935398797679568e+00
1.004991899234438879e+00
1.006163913947379918e+00
1.007441344919827397e+00
1.008820790569726178e+00
1.010301210518789405e+00
1.009439601136675968e+00
1.011213796295164613e+00
1.032321788391958872e+00
