1.357256803335442630e+00
1.588443489511348394e+00
1.539355725062920621e+00
1.203296183800704799e+00
1.021215288428282797e+00
1.003015974537317945e+00
9.990179132271599372e-01
9.992606485430308716e-01
9.997037035674137817e-01
1.000310504230479847e+00
1.001072467901198637e+00
1.001975172756555121e+00
1.003006014738499818e+00
1.004154271110632379e+00
1.005410716542038285e+00
1.006772716354220609e+00
1.008232929633883002e+00
1.006943529209792354e+00
1.005478161910664525e+00
1.032231793773091155e+00
