1.316042654755223307e+00
1.576590296921252632e+00
1.504647395043831271e+00
1.149608132343079347e+00
9.978903671350132232e-01
9.737900096572773556e-01
9.700619027854325838e-01
9.672270094794155337e-01
9.648684949149189949e-01
9.629744153351215141e-01
9.614966887404694518e-01
9.603906363473562191e-01
9.596159109621207328e-01
9.591366988109070180e-01
9.589214177794066485e-01
9.589415354449163376e-01
9.591715101001363486e-01
9.595911649463464421e-01
9.614081675960685081e-01
9.841305618202064176e-01
