1.312385355139800147e+00
1.570720404785729274e+00
1.508057748641831619e+00
1.154562375572588895e+00
9.971435710808348452e-01
9.728036816504354034e-01
9.687639145877855462e-01
9.658934043123061919e-01
9.635039737637302037e-01
9.615808385578129558e-01
9.600770843278978450e-01
9.589481888234787643e-01
9.581539233175035974e-01
9.576587323757528303e-01
9.574304960797523911e-01
9.574411557036955900e-01
9.576647863844269803e-01
9.580818478323067655e-01
9.598765261206722021e-01
9.805543581348667992e-01
