1.309638261471117282e+00
1.565867349566293143e+00
1.510280615879397548e+00
1.158295864042406809e+00
9.964117827444248787e-01
9.718873609825111615e-01
9.676029396448819764e-01
9.646967398267149996e-01
9.622775238018590471e-01
9.603283060536595972e-01
9.588027841962943887e-01
9.576563552497830978e-01
9.568487824859472912e-01
9.563445558455757611e-01
9.561111381194390413e-01
9.561202832281197050e-01
9.563459866467903803e-01
9.567689302621504854e-01
9.585452958773819088e-01
9.771864697350221007e-01
