1.311721869092088211e+00
1.561223576097746424e+00
1.513149184321461060e+00
1.166154312978245455e+00
9.957275587256116944e-01
9.709881868865946064e-01
9.662487328587806568e-01
9.633016657821823481e-01
9.608390711469727563e-01
9.588410660131460039e-01
9.572638641480513133e-01
9.560639763835827587e-01
9.552021555994313351e-01
9.546435548359312184e-01
9.543564244141244934e-01
9.543126888302447819e-01
9.544869217799630823e-01
9.548618152833973083e-01
9.567451243115940862e-01
9.722130952320447994e-01
