1.320444596144161320e+00
1.595337483203358442e+00
1.430196166199001029e+00
1.071172273923336027e+00
9.802986075625194085e-01
9.637571435402149111e-01
9.600620379930449033e-01
9.573154908740006963e-01
9.552842628395934454e-01
9.538623240287963378e-01
9.529418843774853931e-01
9.524355226968247434e-01
9.522717162592824192e-01
9.523922516086567036e-01
9.527493745614040721e-01
9.533037360855529663e-01
9.540234059697972890e-01
9.548824412144006901e-01
9.558663152086834813e-01
9.569533382160191337e-01
