1.293590546069566249e+00
1.555184150258745124e+00
1.460313225791973313e+00
1.097657068588732798e+00
9.733725053506069314e-01
9.525220924289207192e-01
9.485399061908423857e-01
9.456232182897897909e-01
9.434824613693603146e-01
9.420126488504704243e-01
9.410996368129610490e-01
9.406498648600630785e-01
9.405862874031252208e-01
9.408459834062864457e-01
9.413763447146932251e-01
9.421342958724450156e-01
9.430840642007325414e-01
9.441970950260162310e-01
9.454562458963902127e-01
9.468474052085873449e-01
