1.286181709541347029e+00
1.538879570678199471e+00
1.471131444177099734e+00
1.110400745933827427e+00
9.716716765593698124e-01
9.491191841997775880e-01
9.450378131157479711e-01
9.420584043096900118e-01
9.398697194024767665e-01
9.383677602104858462e-01
9.374375324294788037e-01
9.369835388515329599e-01
9.369278387302797384e-01
9.372061555014020717e-01
9.377649729723999128e-01
9.385602143989059121e-01
9.395552721851825329e-01
9.407212636441274478e-01
9.420403346525949573e-01
9.435015668688616630e-01
