1.284686001244729425e+00
1.534846868638679362e+00
1.473256700528883689e+00
1.113484022966988451e+00
9.711925529936203949e-01
9.482309782423239408e-01
9.441150032772873679e-01
9.411126352582517285e-01
9.389070607945436686e-01
9.373947997876830307e-01
9.364593802066802919e-01
9.360052078608307458e-01
9.359535007289908615e-01
9.362395479991606484e-01
9.368098556218896755e-01
9.376195209171089839e-01
9.386318005624145755e-01
9.398175083405382324e-01
9.411585178596008072e-01
9.426447593126761060e-01
