1.348169800974090338e+00
1.598556759782866710e+00
1.337387602993096891e+00
1.003332102253157831e+00
9.534515231987276129e-01
9.456347747082153310e-01
9.424269593610328233e-01
9.402441073222151946e-01
9.388818796766887909e-01
9.381657169029117282e-01
9.379572532340175739e-01
9.381505969579179149e-01
9.386640831372443650e-01
9.394342054814834864e-01
9.404109820784809504e-01
9.415546873374655013e-01
9.428340254941564025e-01
9.442244657028577848e-01
9.457137744394159551e-01
9.472805600936969883e-01
