1.336014886649699918e+00
1.587480947147978716e+00
1.348947238192731657e+00
1.008631351452078384e+00
9.513146509249141847e-01
9.422812455955481559e-01
9.390219094578171610e-01
9.368278114142970514e-01
9.354764659448809860e-01
9.347915779682572923e-01
9.346313304497787522e-01
9.348874476794435395e-01
9.354760026195850786e-01
9.363314752357213555e-01
9.374019664441632926e-01
9.386465088326999551e-01
9.400323067146317824e-01
9.415338471715765101e-01
9.431379602395314476e-01
9.448251400801696009e-01
