1.319854070063620988e+00
1.574783444507672936e+00
1.368520501372296971e+00
1.020183019710411587e+00
9.513440177051655233e-01
9.405633996648273820e-01
9.372953819826177480e-01
9.351110060518562639e-01
9.337668938897878412e-01
9.330903462805156812e-01
9.329401115397137900e-01
9.332077417351402060e-01
9.338094800925067496e-01
9.346793984542114408e-01
9.357660931462804532e-01
9.370280251991981446e-01
9.384326270856317986e-01
9.399544806966751986e-01
9.415802628375478101e-01
9.432926127358356450e-01
