1.301104826912619972e+00
1.553676375812946597e+00
1.387127678904824357e+00
1.030896299993674159e+00
9.485011859036095450e-01
9.356351848549901984e-01
9.322727882556580692e-01
9.300576769367877583e-01
9.287146975242732694e-01
9.280694309045278700e-01
9.279763257389614939e-01
9.283227350879887929e-01
9.290219089080086201e-01
9.300051953536356830e-01
9.312184917171256737e-01
9.326185488152535230e-01
9.341705022702830874e-01
9.358479485055714031e-01
9.376481997782643019e-01
9.395201439529085041e-01
