1.295029779532531844e+00
1.544099715921650073e+00
1.394121550522459563e+00
1.035357959448511833e+00
9.471523960407280951e-01
9.334103745944037911e-01
9.299844109501151923e-01
9.277385611962830625e-01
9.263836655031429945e-01
9.257439830417646398e-01
9.256709818856299066e-01
9.260502401493286850e-01
9.267928648918538626e-01
9.278287792514171572e-01
9.291026251343097453e-01
9.305696243077370422e-01
9.321943448731278004e-01
9.339498444126985710e-01
9.359243823532434892e-01
9.377898504979181871e-01
