1.488398016786763201e+00
1.509386760076816048e+00
1.081425951852319489e+00
9.949855925090610453e-01
9.902201808763213542e-01
9.864650928938202279e-01
9.834682486616384001e-01
9.811212532774944428e-01
9.793103216072170936e-01
9.779445244392801495e-01
9.769377045551600469e-01
9.762247835169475252e-01
9.757524802919298468e-01
9.754771880567641995e-01
9.753639940775259420e-01
9.753853206967085798e-01
9.755259335703799772e-01
9.757862561727661532e-01
9.761315460086358309e-01
9.762324741581127618e-01
