1.345398742958656246e+00
1.567634756257513695e+00
1.273160001913240968e+00
9.694160563940623643e-01
9.288297123218479667e-01
9.244303722110290833e-01
9.218813163188849247e-01
9.204478795169117600e-01
9.199022066572315470e-01
9.200321208762097802e-01
9.206823163855658576e-01
9.217382470664088334e-01
9.231129769788887218e-01
9.247389377699753998e-01
9.265628184607176410e-01
9.285410297183613881e-01
9.306374259880967337e-01
9.328229114185134785e-01
9.351431751457182084e-01
9.373803546642731632e-01
