1.336717416887472254e+00
1.558868747918518816e+00
1.282705613985165138e+00
9.684588164763537899e-01
9.264390473303627527e-01
9.219665800436516179e-01
9.193880003469437900e-01
9.179475885973163996e-01
9.174147738408068298e-01
9.175737197896481900e-01
9.182670899582802138e-01
9.193773440276530318e-01
9.208161720170267017e-01
9.225144749811673428e-01
9.244174452659076335e-01
9.264803763243228962e-01
9.286658559329303841e-01
9.309466787282674183e-01
9.334585345242902843e-01
9.356992042486913519e-01
