1.338489691013748928e+00
1.556971833931068083e+00
1.292971211308076018e+00
9.701448497075947364e-01
9.269830196744316408e-01
9.226150978863941754e-01
9.201107524100399226e-01
9.187074402051638167e-01
9.181835632928723179e-01
9.183288466250894011e-01
9.189896261443579739e-01
9.200528640398200064e-01
9.214329154326694749e-01
9.230635486393561351e-01
9.248918880041423485e-01
9.268753692545772527e-01
9.290142359499009572e-01
9.313082352020406463e-01
9.336844449135592861e-01
9.357583688831959678e-01
