1.606452816287993413e+00
1.482682474599550604e+00
1.093858045248548905e+00
1.035002244988383779e+00
1.035526910192745120e+00
1.036117888746438842e+00
1.036699538284595601e+00
1.037290478095348245e+00
1.037889257801683840e+00
1.038493657059130770e+00
1.039102211552782595e+00
1.039714146364603131e+00
1.040328179364052863e+00
1.040943651621573984e+00
1.041560621089621108e+00
1.042184729769521034e+00
1.042356743741358782e+00
1.075744713717843526e+00
1.199308807319216630e+00
1.269413231455588154e+00
