1.416777768351447975e+00
1.543988500422349253e+00
1.634822223557624632e+00
1.691113705608389584e+00
1.549837493536480260e+00
1.274450715652593047e+00
1.079628491934426560e+00
1.013285855100040322e+00
1.003372073165728739e+00
1.003407530355772792e+00
1.003899392667940704e+00
1.004468342892351540e+00
1.005126224228795717e+00
1.005849762243073320e+00
1.006664177645366198e+00
1.021024028233614711e+00
1.116038391868315216e+00
1.201539531780564829e+00
9.258253946567492898e-01
9.362882525672270306e-01
