1.415495549891011562e+00
1.542065889623913666e+00
1.631454272316165577e+00
1.687658689722635108e+00
1.552887760073438761e+00
1.280778822834090391e+00
1.083223183770516407e+00
1.011957817505192869e+00
1.001680558836388180e+00
1.001492433204902888e+00
1.001973262202654702e+00
1.002533100536735944e+00
1.003181848044901070e+00
1.003895527202666393e+00
1.004710584365116510e+00
1.020360138081861656e+00
1.113848710786228491e+00
1.198206263429204554e+00
9.220485997148374357e-01
9.325345557037894029e-01
