1.426445550276773222e+00
1.565256113802204085e+00
1.673194953686787834e+00
1.691004299138963773e+00
1.446963058598683238e+00
1.172848527122212658e+00
1.046818661283644758e+00
1.035372334916209169e+00
1.037650283935317219e+00
1.040234709593105933e+00
1.042840537372706322e+00
1.045477392951618789e+00
1.048127083351468647e+00
1.050771396168625138e+00
1.053375289478373000e+00
1.055935054327799882e+00
1.071112765743074124e+00
1.139314619222266067e+00
1.138187422411916838e+00
9.752035527498940093e-01
