1.419073387231229777e+00
1.551111004321100717e+00
1.656010705263889937e+00
1.690232322996819914e+00
1.471932206883207916e+00
1.191175128306075859e+00
1.044958825403357272e+00
1.032273635346959040e+00
1.033750519215443475e+00
1.036405920272561954e+00
1.039087831857232080e+00
1.041796188570374593e+00
1.044515510543356562e+00
1.047227972732198253e+00
1.049901171922149157e+00
1.052528993011782710e+00
1.066572279577188809e+00
1.133022258919849090e+00
1.131616486384850351e+00
9.662867030669249901e-01
