1.414119796198775036e+00
1.541825986662877401e+00
1.644664335803122768e+00
1.686187371151926850e+00
1.483022146430319488e+00
1.200791902223112828e+00
1.043596353278677391e+00
1.029377476755390042e+00
1.030424014658769760e+00
1.033134950326676460e+00
1.035879520228103479e+00
1.038652008798991444e+00
1.041437815185858096e+00
1.044219474971119554e+00
1.046965627244359709e+00
1.049666812745183364e+00
1.062334680171058032e+00
1.126709173255263652e+00
1.125646868836180037e+00
9.580163151858422932e-01
