1.410253846991976534e+00
1.534400771524290219e+00
1.635312107697862949e+00
1.682721961855995874e+00
1.494024767903958661e+00
1.211535959653786687e+00
1.043337296375267176e+00
1.027361575444829533e+00
1.027920395578835411e+00
1.030672115242847520e+00
1.033463112527005290e+00
1.036281734741361316e+00
1.039114750008725219e+00
1.041944239075533352e+00
1.044740524831319295e+00
1.047493698891636571e+00
1.059361043635144606e+00
1.121864732914441554e+00
1.121540513733186639e+00
9.527147968621682006e-01
