1.401931477225869305e+00
1.516838431896453621e+00
1.612752334479133021e+00
1.672969463984334659e+00
1.526335805159003023e+00
1.252693472865881841e+00
1.062419212309482219e+00
1.024972687788678449e+00
1.023066225796665396e+00
1.025876391839576574e+00
1.028748794594087190e+00
1.031641197181078606e+00
1.034547007389924111e+00
1.037448952622424425e+00
1.040318989195628152e+00
1.043153322381776160e+00
1.054065799353772537e+00
1.111368853766253384e+00
1.114599320273017335e+00
9.468304744638140757e-01
