1.401702167479399463e+00
1.517451272732268874e+00
1.612307657730451371e+00
1.669988277255957110e+00
1.523209528955163039e+00
1.251828206700367208e+00
1.061416778182310061e+00
1.023405361589947660e+00
1.021448834416832430e+00
1.024278327169872327e+00
1.027172788587453311e+00
1.030089241813361589e+00
1.033021035680282251e+00
1.035950959679432515e+00
1.038849337348985102e+00
1.041724055979659225e+00
1.054267621304110669e+00
1.110451980860911236e+00
1.111819493307727003e+00
9.458793073274947005e-01
