1.418163486293235742e+00
1.555754019552764156e+00
1.673818727932314676e+00
1.660818307524249526e+00
1.375109877058842578e+00
1.122069436923660568e+00
1.054706864548703660e+00
1.052723164783804233e+00
1.056379084610891805e+00
1.059678188028619683e+00
1.062450095060646804e+00
1.064550570024286547e+00
1.065798505802164176e+00
1.065986748474228918e+00
1.064888395255586317e+00
1.062278590138129086e+00
1.058012691407220318e+00
1.050222190224933794e+00
1.052378370615146608e+00
1.060443169959514931e+00
