1.409621524678521087e+00
1.537362267968577889e+00
1.651005198411054975e+00
1.666083343489463076e+00
1.410293215730793470e+00
1.145804100976873352e+00
1.052523473538415244e+00
1.048210888882010750e+00
1.051997476893460570e+00
1.055448259462647753e+00
1.058364238723114692e+00
1.060607424481207373e+00
1.061995277503490431e+00
1.062317850638271555e+00
1.061342110902199209e+00
1.058831345508017607e+00
1.054623317953300221e+00
1.046815666409738110e+00
1.043805875339465672e+00
1.054338560889814147e+00
