1.395941095348342431e+00
1.508520306264218291e+00
1.614929304858584436e+00
1.659944769064962244e+00
1.452075279588623591e+00
1.179973220524463073e+00
1.048567762108233659e+00
1.039837542775899015e+00
1.043854234565764205e+00
1.047575123410395825e+00
1.050756169818670482e+00
1.053268167862055904e+00
1.054927823581097712e+00
1.055520092828202472e+00
1.054800479227701704e+00
1.052512088634497855e+00
1.048457348350673168e+00
1.040716069376303121e+00
1.027295971186571899e+00
1.045393695054777528e+00
