1.393238755687287611e+00
1.502874435187212310e+00
1.607812243334002078e+00
1.657115451872834377e+00
1.459286826860052289e+00
1.187314080716380449e+00
1.047884717202644644e+00
1.038055988530497409e+00
1.042119422870477319e+00
1.045897183287765042e+00
1.049135307239106529e+00
1.051706757422621097e+00
1.053428053498862038e+00
1.054083345592612186e+00
1.053426025507892438e+00
1.051194879312280506e+00
1.047184388753704898e+00
1.039378640458524350e+00
1.024537060681081968e+00
1.044780579133867349e+00
