1.391545033298183132e+00
1.500206676310578580e+00
1.604490329188062336e+00
1.653039889218390623e+00
1.456126227426831399e+00
1.184837535637311090e+00
1.045985675613078314e+00
1.036125401125481016e+00
1.040224209567715441e+00
1.044045927529873019e+00
1.047336287627977036e+00
1.049966973271745374e+00
1.051753468670491021e+00
1.052478114453641478e+00
1.051891652565061896e+00
1.049728267700058559e+00
1.045775400022117552e+00
1.038011647747270061e+00
1.021330072289230007e+00
1.043498248529775241e+00
