1.389627997211114963e+00
1.496082144245838519e+00
1.599201563270346904e+00
1.650954754643463307e+00
1.462541923290197499e+00
1.191780467557134182e+00
1.045745475122607404e+00
1.034938640586144487e+00
1.039067013610586621e+00
1.042926559892240812e+00
1.046253893468189311e+00
1.048923144340798252e+00
1.050749868621736027e+00
1.051515926475368179e+00
1.050970759550628797e+00
1.048845376182628630e+00
1.044921997153262616e+00
1.037071043483782873e+00
1.019478978007363867e+00
1.043513874611326608e+00
