1.402419267707671224e+00
1.530693559824441552e+00
1.655838110421547604e+00
1.624192147891500460e+00
1.314896281432479608e+00
1.081951166222363092e+00
1.056445014904814350e+00
1.059348995323783127e+00
1.060554677410591617e+00
1.059023081684781875e+00
1.053953591414041657e+00
1.044816777724332901e+00
1.032333370668515826e+00
1.018899443715370445e+00
1.006967889177232234e+00
9.975254684800635152e-01
9.904547673206364200e-01
9.852935504910672604e-01
9.837437018457177995e-01
1.013021903230864940e+00
