1.394777397494165960e+00
1.512385644935634321e+00
1.632321416748297116e+00
1.635193857814961182e+00
1.354226388327962827e+00
1.107154464161870688e+00
1.055164951172439469e+00
1.055809152548178309e+00
1.057195830555458738e+00
1.055863361601339534e+00
1.050953631939651300e+00
1.041874030520252514e+00
1.029270707246860761e+00
1.015584650632012753e+00
1.003411890092547498e+00
9.938151386002873622e-01
9.866745243459204007e-01
9.815035946002678147e-01
9.798767978276529123e-01
1.007171631375962662e+00
