1.389794041456613671e+00
1.501728634547158991e+00
1.618763898013900304e+00
1.634618955846837807e+00
1.367746895633504600e+00
1.116381399248358663e+00
1.053027138526557049e+00
1.052733934495361012e+00
1.054263412453229742e+00
1.053083326598418745e+00
1.048297792653491545e+00
1.039258737931091803e+00
1.026551243685257742e+00
1.012658508151054182e+00
1.000303308488676990e+00
9.906090920253678433e-01
9.834478639171368997e-01
9.783100680942512506e-01
9.766314095609880397e-01
1.001892223185826936e+00
