1.386200773060777713e+00
1.494418326644295636e+00
1.609618711566000115e+00
1.631737254019625105e+00
1.373167456037277745e+00
1.119960553707321393e+00
1.050931787089119052e+00
1.050175411260354519e+00
1.051819147731486881e+00
1.050761438797852332e+00
1.046079507811186193e+00
1.037077193719524226e+00
1.024284877379819880e+00
1.010219574970020018e+00
9.977135175855341709e-01
9.879436037066650078e-01
9.807745537097320998e-01
9.756756001287004709e-01
9.739625244607165166e-01
9.973681723006726507e-01
