1.380760765043202110e+00
1.482757370114539119e+00
1.594701388720185076e+00
1.628199869050299009e+00
1.386980867368883263e+00
1.131200720638256607e+00
1.048995635009053462e+00
1.046681179655104099e+00
1.048499453568456197e+00
1.047640917445360476e+00
1.043141580218605480e+00
1.034236685012665413e+00
1.021357188845660957e+00
1.007042103425286328e+00
9.942515645546144976e-01
9.843433689180864921e-01
9.771466901588311549e-01
9.720729200625336519e-01
9.703004771802754558e-01
9.909000322550552964e-01
