1.378480210978618725e+00
1.477438826514995363e+00
1.587813689188356969e+00
1.627369399754156731e+00
1.396462302101707298e+00
1.139734179586145535e+00
1.048993605277966923e+00
1.045545127533007213e+00
1.047433015388458788e+00
1.046658968760473263e+00
1.042242244328801082e+00
1.033394687834285897e+00
1.020460275237049741e+00
1.005989647018576960e+00
9.931286816030701070e-01
9.831998616696027149e-01
9.759861637673880042e-01
9.709012974249420225e-01
9.690949018822272443e-01
9.885927601869746173e-01
