1.375505004842099810e+00
1.470933490138791155e+00
1.579230485342836943e+00
1.624212298653400000e+00
1.405704653081982336e+00
1.148812058609745446e+00
1.048435538815998935e+00
1.043748675308674212e+00
1.045743256075813754e+00
1.045085368789386182e+00
1.040737776661182501e+00
1.031848863542503825e+00
1.018770098282927083e+00
1.004144567162765789e+00
9.911896946986388235e-01
9.812327540636627266e-01
9.740054966117117630e-01
9.689242305258349841e-01
9.670838434189106270e-01
9.844595515389429341e-01
