1.387103782763564386e+00
1.507209199448857229e+00
1.638158816366918513e+00
1.571861777714400388e+00
1.245273973488556507e+00
1.067868178459327577e+00
1.055621564151947522e+00
1.051421913619677850e+00
1.040035755098824399e+00
1.022068152665961849e+00
1.003402320535191627e+00
9.889113266659647072e-01
9.789665593765962681e-01
9.724016655328552305e-01
9.681486046552354452e-01
9.654646536555573366e-01
9.638583506480614682e-01
9.630071523755996399e-01
9.628807542607654701e-01
9.627768333866919548e-01
