1.376785752915458794e+00
1.483131099095228222e+00
1.608473570836945088e+00
1.587319045243118731e+00
1.277974193926443736e+00
1.068586214742293761e+00
1.050048523698741798e+00
1.046263591224933176e+00
1.035146734046633377e+00
1.016886643838029070e+00
9.975319931966423193e-01
9.825367624201946093e-01
9.723778589220968271e-01
9.657888643214805890e-01
9.616218410222997504e-01
9.590875528815322459e-01
9.576693908841233949e-01
9.571397946761620590e-01
9.572699619665619997e-01
9.572602567345671609e-01
