1.373237352532150402e+00
1.474938669753418807e+00
1.598007498392675307e+00
1.591511349919247031e+00
1.290720248135325487e+00
1.069573330138837708e+00
1.048306217953219432e+00
1.044697788129198779e+00
1.033731732842228634e+00
1.015431807455796864e+00
9.958570416217620291e-01
9.806738453891141738e-01
9.704194805218823161e-01
9.637996510588668908e-01
9.596392984128228054e-01
9.571620152401087989e-01
9.558386848048643358e-01
9.553668344409882440e-01
9.555195461396204237e-01
9.555113716742641428e-01
