1.370698214179669749e+00
1.469551619313532509e+00
1.591191105919441906e+00
1.591095910088026644e+00
1.295344785284096911e+00
1.069133842654824029e+00
1.046614706977882170e+00
1.043138766218504099e+00
1.032271135314509536e+00
1.013896382750233416e+00
9.941003482988297613e-01
9.787494133680422204e-01
9.684234143086591917e-01
9.618080873636470907e-01
9.577107056541797059e-01
9.553001693860735388e-01
9.540503625343016436e-01
9.536518400119197159e-01
9.538557962743532403e-01
9.538877305713366894e-01
