1.365723495493348150e+00
1.459507055875376658e+00
1.577899704021537231e+00
1.586679726098785270e+00
1.301560624510414099e+00
1.070807788563780782e+00
1.042872371196827519e+00
1.039619764792000023e+00
1.028860134700885887e+00
1.010145778353488399e+00
9.897691196784162981e-01
9.740912380943645976e-01
9.637070433249019796e-01
9.571711172823577085e-01
9.532086546395637239e-01
9.509665414305028541e-01
9.499069710461767180e-01
9.496996467683399556e-01
9.500525881930070859e-01
9.502339031531170654e-01
