1.544490628067831439e+00
1.680247911702595687e+00
1.721138025895739609e+00
1.468665858854727668e+00
1.189836246843419598e+00
1.023611514290650115e+00
9.722306428772877762e-01
9.612332031052130965e-01
9.610151407229622356e-01
9.610339468909883109e-01
9.611807474204946411e-01
9.587569099842612186e-01
9.771752417296464266e-01
1.041738850981063447e+00
1.114393344611820602e+00
1.121628595109225746e+00
1.055862199140193525e+00
1.041283881613817464e+00
1.017964237155965179e+00
9.569204399899923219e-01
