1.515816944717511161e+00
1.645863410059994481e+00
1.712542149823649051e+00
1.513994277450197101e+00
1.225727468473698956e+00
1.035553530292690594e+00
9.574431042612949749e-01
9.426953332040614031e-01
9.414940344342913603e-01
9.416567874948169603e-01
9.419932135856725619e-01
9.413838099448708086e-01
9.279780392970401470e-01
9.805035844247550481e-01
1.061976837060012002e+00
1.102109710999666259e+00
1.046743263875856922e+00
1.027546779449034275e+00
1.010148902720321207e+00
9.506205009251472715e-01
