1.502949272185422069e+00
1.632317677206961859e+00
1.707379796759313173e+00
1.538062342924303660e+00
1.250631774076234048e+00
1.049456878095564427e+00
9.544111488559158252e-01
9.382314837851041256e-01
9.356510389830042795e-01
9.358507150561360399e-01
9.362245696485481661e-01
9.356248280050527555e-01
9.195600083337518438e-01
9.702160402942592299e-01
1.052320070321088430e+00
1.097411282193362148e+00
1.045329365423889767e+00
1.025532748650328507e+00
1.008785691628007575e+00
9.493048708541651504e-01
