1.491728262991464993e+00
1.621764443639991837e+00
1.701653962934771114e+00
1.555042347814191706e+00
1.270161676330531897e+00
1.060567199618382084e+00
9.517201656040189528e-01
9.343606186503419231e-01
9.306065543098327453e-01
9.308406061568138545e-01
9.312540136443696603e-01
9.307173143040303742e-01
9.138990680286445123e-01
9.605317920261771114e-01
1.042935904090549037e+00
1.093137078806998286e+00
1.044713978363446927e+00
1.023723158403621269e+00
1.008012651398731530e+00
9.487803947693620454e-01
