1.475905639501429167e+00
1.608498430751716501e+00
1.691481433140998858e+00
1.568367260802625340e+00
1.287507807883903954e+00
1.068414981287117538e+00
9.450775460343903145e-01
9.261000880918034417e-01
9.211106081645094035e-01
9.213833105125160960e-01
9.218655041978630615e-01
9.217957081298683297e-01
9.070493415793773329e-01
9.363203330711178385e-01
1.017453602717977912e+00
1.080911990843236747e+00
1.043959062157261863e+00
1.017709526122969388e+00
1.006099807192453177e+00
9.483434064734532765e-01
