1.523421956778683306e+00
1.667216405400669510e+00
1.734723151915666728e+00
1.480895972533021965e+00
1.183021824517494824e+00
1.008872548632091304e+00
9.723073864034359470e-01
9.672454557448911805e-01
9.670692160926623870e-01
9.671507113050705762e-01
9.674529024014152379e-01
9.679543398387866482e-01
9.697218416762085624e-01
9.899280286790661521e-01
1.086362943357602084e+00
1.203531211459144989e+00
1.153807885583245429e+00
9.936376329365174120e-01
1.005494607465731605e+00
1.022267762141460867e+00
