1.480186198262720021e+00
1.624480463334123215e+00
1.718776129434330224e+00
1.544017172127828630e+00
1.237724275767589255e+00
1.031579150240266030e+00
9.590613881707031885e-01
9.493011347944779743e-01
9.497722898665971192e-01
9.505187420237500850e-01
9.514529088728810313e-01
9.525636971079515236e-01
9.541462930347159865e-01
9.679060317401850799e-01
1.036151623196921667e+00
1.152068011517398682e+00
1.136401232537363803e+00
9.678187808363560851e-01
9.811845570282441420e-01
9.982949541270713656e-01
