1.450191753617166457e+00
1.599758859155316459e+00
1.701570805072723624e+00
1.576186532139929986e+00
1.274479192199724276e+00
1.049294911338381819e+00
9.512744745603020080e-01
9.381675619152685108e-01
9.390353529316390890e-01
9.401887475969623598e-01
9.415043730946441869e-01
9.429809651000357063e-01
9.446658601130965005e-01
9.551534257106453207e-01
1.004540596086847426e+00
1.116894782273130549e+00
1.126756456187414823e+00
9.535000289571182730e-01
9.654319111502861483e-01
9.831186374711162745e-01
