1.426166593725788800e+00
1.577295581542485836e+00
1.681903551831232857e+00
1.601017457324869664e+00
1.312190031348548391e+00
1.070303987819171354e+00
9.444323808681548416e-01
9.279110620143115051e-01
9.287636772785431427e-01
9.303152440300664905e-01
9.320073844011088626e-01
9.338436967329450944e-01
9.358523405819494378e-01
9.440924519758223665e-01
9.792620438308470288e-01
1.085324610921625466e+00
1.119756604078518514e+00
9.449619583587233196e-01
9.511886536890360455e-01
9.699424531519866832e-01
