1.431706590635714038e+00
1.588317342657070030e+00
1.707543278517594576e+00
1.584494302011323796e+00
1.262976462021588420e+00
1.033371947643063393e+00
9.576293516430699482e-01
9.521127255722248162e-01
9.545135863332502302e-01
9.574310072127318882e-01
9.607627293975458116e-01
9.644285375699562790e-01
9.683110368428166082e-01
9.726558963357911924e-01
9.829211287048346124e-01
1.030330416075592392e+00
1.173254314570286283e+00
1.209890090238410210e+00
9.859397140007896132e-01
1.002323726988186170e+00
