1.420655717949108388e+00
1.574834189306527188e+00
1.695466133421080990e+00
1.602802036806872055e+00
1.287919270569198860e+00
1.047117064929621977e+00
9.550565696202621968e-01
9.477631960680420464e-01
9.504508915800883306e-01
9.536171325849045477e-01
9.571552828488107956e-01
9.609618173342389102e-01
9.648964447598595839e-01
9.694021860677519697e-01
9.792136962448334536e-01
1.022775475844338589e+00
1.162999802717981979e+00
1.207935294752891409e+00
9.785447029587081014e-01
9.956514853716710300e-01
