1.501871500977323359e+00
1.463490852108708662e+00
1.037774447323444704e+00
9.856068445655962185e-01
9.807487546270976519e-01
9.773248134991688874e-01
9.749216650146552698e-01
9.732967395959076784e-01
9.722549948672110087e-01
9.716529613074259553e-01
9.713856947507667483e-01
9.713748622353033380e-01
9.715629778238735748e-01
9.719062761563135311e-01
9.723724439002328079e-01
9.729374508478161321e-01
9.735936481895784977e-01
9.743582217242577892e-01
9.752054481511646111e-01
9.755936413552974695e-01
