1.408380316857222203e+00
1.558695123643294878e+00
1.678870288290746915e+00
1.616003270710552719e+00
1.311025357657426227e+00
1.058527018350068793e+00
9.496524734764444364e-01
9.404804547570827511e-01
9.435841647031231183e-01
9.471464229853567840e-01
9.510382122079746869e-01
9.551472856348637297e-01
9.593130516814952768e-01
9.639965255849751724e-01
9.728433319452282069e-01
1.010578054492083044e+00
1.141142875014949265e+00
1.205551955152758481e+00
9.648953156313101465e-01
9.812957089497644780e-01
