1.402631116204726247e+00
1.550270538030510847e+00
1.668105748894092466e+00
1.623229689196277414e+00
1.330697463191329533e+00
1.072209604386057835e+00
9.472476532729078302e-01
9.358395749372835359e-01
9.392508852693306487e-01
9.430885911189470505e-01
9.472032642799893543e-01
9.514905090284794253e-01
9.558537073034807374e-01
9.609448314039786831e-01
9.714211560167451687e-01
1.009682896901095805e+00
1.140219608511379601e+00
1.197284042885498057e+00
9.569476743717280076e-01
9.766963956529264301e-01
