1.453140324525362015e+00
1.615751910376134637e+00
1.739830254358782469e+00
1.522604383336769507e+00
1.180382107484976295e+00
9.931086432024087696e-01
9.757774391112851164e-01
9.790712719280423304e-01
9.834161066005076002e-01
9.886640092301424154e-01
9.947310159578210964e-01
1.001407903328090043e+00
1.008468204258449408e+00
1.015547042273431400e+00
1.022612356888096929e+00
1.032553829615016738e+00
1.074221691215594188e+00
1.164080256892599419e+00
1.159408211050081627e+00
1.019116927585922650e+00
