1.430727344226577102e+00
1.591342261771054201e+00
1.721991569404938804e+00
1.557672836078305423e+00
1.211041000992485683e+00
9.979076646975111320e-01
9.666385876313385861e-01
9.706309083942726845e-01
9.756860053479234907e-01
9.815248644145971868e-01
9.880701976596869551e-01
9.951819424031908001e-01
1.002628958194284436e+00
1.010012635348529253e+00
1.017237145472401849e+00
1.027284095647176487e+00
1.065416840028852619e+00
1.153674335439128784e+00
1.148670680511296505e+00
1.005911643362963570e+00
