1.500080274259403934e+00
1.460973191646547820e+00
1.035900891266991142e+00
9.842922432740845995e-01
9.794488724213693542e-01
9.760497126155267544e-01
9.736781488180953348e-01
9.720893323147631326e-01
9.710869448774462898e-01
9.705264903980407309e-01
9.703022022413140268e-01
9.703350846251136419e-01
9.705673477901697321e-01
9.709549760398971108e-01
9.714647867855530361e-01
9.720736598343990842e-01
9.727735867847978612e-01
9.735800244719116092e-01
9.744599902069208675e-01
9.748895439981258848e-01
