1.421846726439412123e+00
1.583279445937603391e+00
1.723517224781557111e+00
1.532384356977893880e+00
1.168694856139879779e+00
9.887251164486416943e-01
9.789672593467855233e-01
9.863264034057147578e-01
9.950488406202390168e-01
1.004613291772259664e+00
1.014688263731526874e+00
1.024888414990895225e+00
1.034759765138060894e+00
1.043685765436328516e+00
1.050728009217030134e+00
1.054853555143100197e+00
1.056494472229572601e+00
1.053247453216618945e+00
1.059956528063775050e+00
1.075527011090975815e+00
