1.381453237344323792e+00
1.517636676827664566e+00
1.654504884896381700e+00
1.619720370222781591e+00
1.277236080959583076e+00
1.015817694144477645e+00
9.592645989843331389e-01
9.676052892594321220e-01
9.778868968799229178e-01
9.887676819605878409e-01
9.999798140861198004e-01
1.011173265502717467e+00
1.021915147313002592e+00
1.031605716306516651e+00
1.039376910278041910e+00
1.044313157165706940e+00
1.046371917505628968e+00
1.042940806200107318e+00
1.032403508181538587e+00
1.058455203887933349e+00
