1.184606189337781501e+00
1.163110069944626623e+00
1.120073026231251045e+00
1.080392624040722893e+00
1.053892499152340179e+00
1.040620968190659301e+00
1.038991103469287580e+00
1.047092280194026559e+00
1.056201721081433398e+00
1.053279457074835168e+00
1.045079834261265717e+00
1.033259671406070890e+00
1.018335615695145524e+00
9.932721664973240827e-01
9.579124623015948803e-01
9.215098689074908700e-01
8.883153303742186147e-01
8.574609273998888836e-01
8.281388082320811916e-01
8.013051874325028967e-01
