1.498035861297572602e+00
1.465782190520268147e+00
1.040506479727193678e+00
9.835486251972433980e-01
9.787118686975836424e-01
9.753253593369721752e-01
9.729653052010217573e-01
9.713878438080078004e-01
9.703963534227282306e-01
9.698463983509350017e-01
9.696322565278963079e-01
9.696752303780841187e-01
9.699173384521335706e-01
9.703147550051487435e-01
9.708345231814189402e-01
9.714533380260375051e-01
9.721649123295589279e-01
9.729818233249541981e-01
9.738635239633897100e-01
9.742911331957548882e-01
