1.171694418157616990e+00
1.147136620997734502e+00
1.104358872931632041e+00
1.066243207949753247e+00
1.041570710704773361e+00
1.029780740585985788e+00
1.028829448090164522e+00
1.037229769081746911e+00
1.048098271263677717e+00
1.047549668229505127e+00
1.040830696453251214e+00
1.029841733439929907e+00
1.015738322805767702e+00
9.917803661117119418e-01
9.570714444775076934e-01
9.207499228299192984e-01
8.875210680392576768e-01
8.567131568504012806e-01
8.274793018665699273e-01
8.007230285200981346e-01
