1.161767346393148381e+00
1.135112773102080919e+00
1.092602855799607475e+00
1.055778922176029866e+00
1.032582367047587990e+00
1.022051327979627278e+00
1.021895960466477682e+00
1.030793745808390005e+00
1.042964131904053904e+00
1.044465187371319326e+00
1.038711146349329262e+00
1.028122078303364439e+00
1.014959846339486438e+00
9.926038152642215895e-01
9.584682609094767880e-01
9.216757373137552944e-01
8.879464356588815388e-01
8.568762482960492477e-01
8.275188856740740562e-01
8.006814680420086816e-01
