1.143194006940325691e+00
1.114816756153582000e+00
1.072092918592650879e+00
1.036292445120157169e+00
1.014240556495421108e+00
1.004521589765178469e+00
1.004298695006013986e+00
1.011733042692565920e+00
1.023960473352949263e+00
1.027742394547458638e+00
1.025207321902853685e+00
1.017247331150119116e+00
1.003844932167026416e+00
9.802989740322066714e-01
9.480042680502640540e-01
9.141411971092993083e-01
8.825096633029295701e-01
8.528707488299105410e-01
8.245834287077442593e-01
7.985961005209868402e-01
