1.424074471340033066e+00
1.598120913523771947e+00
1.711171002795486284e+00
1.802020502227174692e+00
1.695596177871186105e+00
1.477551801496492123e+00
1.289475952342832521e+00
1.152703158203933098e+00
1.069784003323043464e+00
1.042176305022177285e+00
1.053511700253797478e+00
1.081986205070002871e+00
1.112245708070497496e+00
1.127617722881058437e+00
1.118560345842265047e+00
1.095867117866004881e+00
1.082008753078750996e+00
1.060852538525912880e+00
1.001776438183663132e+00
9.345648298712915247e-01
