1.314284589905437173e+00
1.397739174965963116e+00
1.537360194659456614e+00
1.661275600459517721e+00
1.714892544113340467e+00
1.547945784236548494e+00
1.316071182447259069e+00
1.127531410292225367e+00
9.997074894176966042e-01
9.421920163735751919e-01
9.336935292679803267e-01
9.590427590358315824e-01
1.003738740221789882e+00
1.051753513695279585e+00
1.079112100706684174e+00
1.073878789772764408e+00
1.062396719425779068e+00
1.056365141850342138e+00
1.014131110989547002e+00
9.409480490978346934e-01
