1.214222400861317608e+00
1.213715354830064097e+00
1.206907564903696661e+00
1.370692091676191104e+00
1.489624303974038444e+00
1.586138496268497677e+00
1.488596796437400949e+00
1.277078688953742214e+00
1.084375496617360213e+00
9.532100275344989049e-01
8.982776546868534995e-01
8.838787348081462714e-01
9.108361006203889998e-01
9.622947653178377525e-01
1.016453984959033052e+00
1.041400677096562033e+00
1.036754921504981830e+00
1.040073190123629088e+00
1.020687053929301591e+00
9.500453025649995276e-01
