1.201563357410908583e+00
1.200721512334790742e+00
1.188181884966234003e+00
1.330888329181682206e+00
1.448709772757266423e+00
1.559503536809265567e+00
1.493438101192286371e+00
1.289480841042498493e+00
1.091925523960494804e+00
9.534226083348085190e-01
8.946598826358854728e-01
8.743110187262690403e-01
8.969392201969095257e-01
9.468061406151984105e-01
1.003414298001973126e+00
1.034205049106376340e+00
1.031808636297858905e+00
1.036048911651548998e+00
1.021104130068980709e+00
9.524530269242921232e-01
