1.262557135253008056e+00
1.288276092380483462e+00
1.438021819246987576e+00
1.558869881617897857e+00
1.677255765818013389e+00
1.607850536114183271e+00
1.373224239201140673e+00
1.154420183574806691e+00
9.980297130271770234e-01
9.569780758968704504e-01
9.490093461458334323e-01
9.292341713994237695e-01
9.169597035239970273e-01
9.443575292892666395e-01
1.007441943103172033e+00
1.077945230814464805e+00
1.086680227215380157e+00
1.037443212473363241e+00
1.019676642530191080e+00
9.613431943124112200e-01
