1.227825789404505041e+00
1.254095703867835976e+00
1.323090350966629636e+00
1.477747650145067926e+00
1.608903286383966957e+00
1.629319405481676419e+00
1.436157682655865964e+00
1.204047563861515791e+00
1.023965516730107828e+00
9.465569608987294270e-01
9.340925305543859025e-01
9.205337494490898331e-01
8.979293174240257080e-01
9.180112506393572902e-01
9.775609862667624661e-01
1.054403988213627130e+00
1.078164098106424884e+00
1.030568748422458158e+00
1.014007129969594745e+00
9.587419947563327050e-01
