1.181953308257226443e+00
1.212366061304220421e+00
1.222639822781762531e+00
1.360192169768172921e+00
1.489222051651497569e+00
1.599753513112736281e+00
1.515028767852015568e+00
1.285672794380526174e+00
1.073519132440089896e+00
9.304033941317235712e-01
9.084405528330591340e-01
9.013258920862934342e-01
8.827538013718210230e-01
8.845843252736812490e-01
9.357541027879806572e-01
1.015997727616348101e+00
1.062223145140019476e+00
1.020445130368309528e+00
1.003780851722484435e+00
9.553778041887998063e-01
