1.169016905472166412e+00
1.196839904320080361e+00
1.206966133074793834e+00
1.317096689855314473e+00
1.455159800271795367e+00
1.575164863694466177e+00
1.518130155468366826e+00
1.295269074447637170e+00
1.077047156956608909e+00
9.216979903398982987e-01
8.981568749880091129e-01
8.935118251400112621e-01
8.780949068704125837e-01
8.723449081720749954e-01
9.187680333589808290e-01
9.990802888273944138e-01
1.054034629703232140e+00
1.016491692586101614e+00
9.992831648854595405e-01
9.540893714647314949e-01
