1.156322821532488332e+00
1.182093494171586823e+00
1.192980088981741016e+00
1.249617493235368304e+00
1.416945261509980014e+00
1.543765327256415354e+00
1.527063710955557596e+00
1.321701855090819722e+00
1.098548643563151739e+00
9.327574721034884719e-01
8.918433270552329484e-01
8.867550263289782908e-01
8.737157690902953577e-01
8.633568804067063285e-01
9.061506571543773703e-01
9.858634229030113216e-01
1.047233205403245382e+00
1.013987961611315658e+00
9.959471328739136764e-01
9.535612975232247157e-01
