1.151257068773494430e+00
1.174223046598056985e+00
1.184186772315007907e+00
1.226622128308803905e+00
1.402023959080863857e+00
1.528184532841834864e+00
1.516470601024402010e+00
1.314175446287868532e+00
1.090429581036515216e+00
9.242771707703820727e-01
8.825661033485330265e-01
8.768874571943622298e-01
8.646841062088971297e-01
8.568383418559238907e-01
9.010463597831659399e-01
9.808116772190172972e-01
1.041278588367445801e+00
1.009253768741691815e+00
9.932119832605158516e-01
9.521347046841239781e-01
