1.248990526689412572e+00
1.298361773351041748e+00
1.445938928805360790e+00
1.574830596029679786e+00
1.688092223732084562e+00
1.587147338012214082e+00
1.327863033701008888e+00
1.107148843793274162e+00
9.848893664337684539e-01
9.716138098499190745e-01
9.710802790871625456e-01
9.698752258517582270e-01
9.680763154801541592e-01
9.664822843371567718e-01
9.993486796985935339e-01
1.072344517781808948e+00
1.134449866452770017e+00
1.003791379225634106e+00
9.464768969269927723e-01
9.533714949905760516e-01
