1.153871454365666738e+00
1.205538874980190300e+00
1.239182787566953436e+00
1.378530038597799212e+00
1.515628758511065488e+00
1.613249324740763324e+00
1.488294365837462774e+00
1.235120697562224201e+00
1.024127942129714031e+00
9.307063323433767410e-01
9.276548072285789592e-01
9.322074155063670986e-01
9.350982131498755123e-01
9.364841636000965641e-01
9.386813065036507808e-01
9.934633942590154199e-01
1.072652560668895250e+00
9.969935839878077966e-01
9.080960686232751877e-01
9.148992334762611200e-01
