1.125098287605745817e+00
1.171153225493416272e+00
1.205981985768783016e+00
1.277656041403843368e+00
1.446479999166959240e+00
1.569600275750169027e+00
1.519179275782252647e+00
1.284133674523583402e+00
1.055784404289538347e+00
9.192726030084048539e-01
9.096095202083327447e-01
9.164693629357920646e-01
9.215618171679205162e-01
9.243875451810281696e-01
9.253462835437873402e-01
9.702322516456161061e-01
1.051085412611456604e+00
1.000261549213147028e+00
8.969604401405711913e-01
9.042591430352803217e-01
