1.113526839672325686e+00
1.158248058524708135e+00
1.193459683231963719e+00
1.240851149012235588e+00
1.418503786163142433e+00
1.547605299687994096e+00
1.528391599776525389e+00
1.306711041709499810e+00
1.072366923748112599e+00
9.155657022832733860e-01
9.028076682506765982e-01
9.104483555873916778e-01
9.163213757601944565e-01
9.197026907223213588e-01
9.209703659209734772e-01
9.627913127613868527e-01
1.043703463163154321e+00
1.001578089214780309e+00
8.931933384442201085e-01
9.008505594879714362e-01
