1.105596839707700951e+00
1.149579485481815988e+00
1.184757785315304179e+00
1.224980798561980944e+00
1.401104681708489785e+00
1.532187461325454247e+00
1.526585534129489607e+00
1.310947086171486475e+00
1.073142809475152060e+00
9.094605512650657531e-01
8.958836211637590807e-01
9.042417717922969222e-01
9.109179475671171922e-01
9.149265707134089931e-01
9.166445373904806848e-01
9.531006762518848818e-01
1.033796853598798027e+00
1.003373094557875600e+00
8.878095343277744300e-01
8.959809749977276638e-01
