1.212332457537544039e+00
1.304717712456848977e+00
1.439898585467149106e+00
1.577914825713849334e+00
1.696988163507239689e+00
1.591433340076943370e+00
1.305584644985253728e+00
1.075265144025366215e+00
9.840549550347817975e-01
9.775623573650821241e-01
9.756698856756835792e-01
9.748506762745308141e-01
9.752017373156874891e-01
9.773789770605193494e-01
9.855105784225178800e-01
1.014369938003933935e+00
1.126141735849231829e+00
1.253509049265939090e+00
9.942965618710748466e-01
9.590291873329652717e-01
