1.150390389519632350e+00
1.225576576829070508e+00
1.282064549662187414e+00
1.449767269836084171e+00
1.590226371136734151e+00
1.631603982839905598e+00
1.411102238702897527e+00
1.140732290944070249e+00
9.650695960932166306e-01
9.479686071828455907e-01
9.501256562641698933e-01
9.526327223666387622e-01
9.555867927646716220e-01
9.595737967910963340e-01
9.677128951159168491e-01
9.920027875187557020e-01
1.087223449914849205e+00
1.225524382507377830e+00
9.629042579747656427e-01
9.297609993118998162e-01
