1.080959704771278229e+00
1.146687501034811429e+00
1.203550775762466163e+00
1.268554844016538175e+00
1.446096461104797726e+00
1.574134517934992150e+00
1.528067092407391137e+00
1.277114388752168761e+00
1.038137224608910891e+00
9.247369723608693803e-01
9.229604038033867308e-01
9.296218042473582965e-01
9.357740295996526125e-01
9.420608830794214850e-01
9.509905536980738372e-01
9.720878043524392442e-01
1.046337461762234078e+00
1.189842552612022208e+00
9.453707945719834749e-01
8.968427849937041785e-01
