1.059080332516590506e+00
1.134061995236154807e+00
1.189818673996883236e+00
1.245192699488774757e+00
1.414351841542420551e+00
1.549059055504189875e+00
1.542837809461014453e+00
1.305522537504780978e+00
1.052845812064929554e+00
9.177786850108348160e-01
9.134426859589079850e-01
9.214352958619370648e-01
9.286594912272159164e-01
9.357572806455591863e-01
9.450913524333126592e-01
9.652533592600207601e-01
1.030748609135984761e+00
1.173055715720042080e+00
9.366444285780261003e-01
8.807119118542420244e-01
