5.720048908149598654e-01
5.771133836351323154e-01
5.823710113464219962e-01
5.877830564029755678e-01
5.933488622690483716e-01
5.990648531416367106e-01
6.049244700038585165e-01
6.109192881321837687e-01
6.170387246688114891e-01
6.232682465654776349e-01
6.295849330246678921e-01
6.359448764362036766e-01
6.422400976523927607e-01
6.481780396234899655e-01
6.529159811585698581e-01
6.427140873926229236e-01
6.004478095224226042e-01
6.084459570558513608e-01
5.613874658642377113e-01
5.654723333479724223e-01
