5.628968497101538571e-01
5.676731801509778963e-01
5.725979214878894608e-01
5.776653604076507076e-01
5.828717121455941896e-01
5.882125758819942707e-01
5.936822255001190651e-01
5.992729509063111637e-01
6.049747709765211923e-01
6.107732821255478228e-01
6.166424509049033276e-01
6.225251786366616802e-01
6.282718068116412979e-01
6.334620651868116958e-01
6.368618636049578896e-01
5.928466148318992657e-01
6.082807118559380166e-01
5.795711189207000125e-01
5.410856133455895778e-01
5.612950519864419174e-01
