5.442224939661884919e-01
5.486931992273818004e-01
5.533125739861066705e-01
5.580625583819747160e-01
5.629353275591900685e-01
5.679261512381785781e-01
5.730300028544405011e-01
5.782413749107795375e-01
5.835527585986238774e-01
5.889544069789551806e-01
5.944302287480929259e-01
5.999482826246488321e-01
6.054308510501484886e-01
6.106639846107102532e-01
6.150297020632727873e-01
5.967568761026047497e-01
6.039034201100543786e-01
5.825444908747681172e-01
4.663406753372795199e-01
5.049920654030783940e-01
