1.530486617798401561e+00
1.391069386865075863e+00
1.000079219006367870e+00
9.786954707110853136e-01
9.743722401465926275e-01
9.716455551216601760e-01
9.700039505925024397e-01
9.691256941240669054e-01
9.687864542329659434e-01
9.688349752301607110e-01
9.691686401996209010e-01
9.697163264505174185e-01
9.704283233793673524e-01
9.712684710995446169e-01
9.722097498878404798e-01
9.732366400764661529e-01
9.743393611478085026e-01
9.755438758691967749e-01
9.768262645827141544e-01
9.774936807647575110e-01
