5.267287958946078597e-01
5.307109098430349281e-01
5.348369397954183535e-01
5.390746113560749286e-01
5.434125375789143897e-01
5.478448163037455965e-01
5.523675385716488861e-01
5.569758550408060449e-01
5.616649032102145611e-01
5.664274374638822440e-01
5.712535141148726847e-01
5.761239777682374275e-01
5.809949573498975894e-01
5.857493501928854318e-01
5.900528895066809998e-01
5.929190762425684547e-01
5.637843038694323461e-01
5.217893713929034893e-01
4.422520290409225896e-01
5.250492326931609499e-01
