5.222743287632041209e-01
5.261592177280350890e-01
5.301873800493296374e-01
5.343238066990776414e-01
5.385560377297069490e-01
5.428779738070572680e-01
5.472856054168013795e-01
5.517742728939747376e-01
5.563394707734347078e-01
5.609744099356878122e-01
5.656701799876766579e-01
5.704102214263087056e-01
5.751574858417083380e-01
5.798147220811591396e-01
5.841062330976005690e-01
5.872228786379910526e-01
5.758995082597111459e-01
4.862698449897734365e-01
4.388042370703332251e-01
5.234159527088310115e-01
