5.198783334490499897e-01
5.236794723005501195e-01
5.276220472507173742e-01
5.316697603006798056e-01
5.358097495858165082e-01
5.400356721227730361e-01
5.443434940420313062e-01
5.487289640306837191e-01
5.531874568650783086e-01
5.577123507515833190e-01
5.622946836971154383e-01
5.669162014376718517e-01
5.715363546373419812e-01
5.760448492960097422e-01
5.801281251464729394e-01
5.828593208374472923e-01
5.654227020467068598e-01
4.418103514297155865e-01
4.839133233306252557e-01
5.238524154040924419e-01
