6.337086176495259071e-01
6.445214318039892420e-01
6.555103917353377607e-01
6.667588813794788072e-01
6.783044435016818419e-01
6.901628856862989103e-01
7.023392802877441721e-01
7.148304787432250285e-01
7.276238434067481275e-01
7.406798367831677332e-01
7.538769922073002006e-01
7.668380440071227433e-01
7.784022445202583018e-01
7.776880446800820135e-01
7.652957077432294142e-01
7.620923975197940736e-01
7.589786067396467883e-01
7.467561824566746331e-01
7.154375409572569788e-01
6.667050600818067441e-01
