6.085393095776872041e-01
6.184790438779091959e-01
6.286284336879651713e-01
6.390317484558521999e-01
6.497121455517942401e-01
6.606813230122383640e-01
6.719451488945233919e-01
6.835040187263672351e-01
6.953537194093497575e-01
7.074810785957439396e-01
7.198467932312884177e-01
7.323331490147636513e-01
7.445715394755798577e-01
7.554362178836974140e-01
7.506385115335072467e-01
7.378620774549280448e-01
7.362989419122117907e-01
7.306533713003378061e-01
7.018832373157050109e-01
6.497254601252908657e-01
