5.882033707490728069e-01
5.974702861281550037e-01
6.069661171115998677e-01
6.167097174073419286e-01
6.267151190578178488e-01
6.369915967015760128e-01
6.475444261294938109e-01
6.583753447457230124e-01
6.694829844224283733e-01
6.808617320031904452e-01
6.924961855201889893e-01
7.043415565164905523e-01
7.162634234788778365e-01
7.278500075052571905e-01
7.378467300050844946e-01
7.235055072792325737e-01
7.098388988778634445e-01
7.075027270937424007e-01
6.825500965487185656e-01
6.278341842330517064e-01
