5.675296729148172625e-01
5.761642659871601957e-01
5.850417022819468515e-01
5.941611862471636307e-01
6.035297248970241668e-01
6.131539445155919088e-01
6.230389335354770131e-01
6.331869837748914653e-01
6.435983535645406484e-01
6.542700514508094090e-01
6.651952710369087862e-01
6.763537355429543041e-01
6.876896618685801599e-01
6.990353961904443025e-01
7.098886669160907603e-01
7.181392423011426773e-01
6.893956824763824986e-01
6.731803995449163747e-01
6.533765079991342706e-01
5.936632590575311452e-01
