5.566737099629366359e-01
5.649384186957442378e-01
5.734480935839931792e-01
5.821926219786406342e-01
5.911763816904651581e-01
6.004050360793556917e-01
6.098833860674924834e-01
6.196147700154495119e-01
6.295992972103512386e-01
6.398364054224900954e-01
6.503202757511525878e-01
6.610362115032668573e-01
6.719438420836532089e-01
6.829230270338171316e-01
6.936165836474132984e-01
7.029510566971759467e-01
6.870989235862905442e-01
6.552351300001018064e-01
6.342161885025995316e-01
5.678955410526980163e-01
