1.521021492043070245e+00
1.401864694232160424e+00
9.999445178765337117e-01
9.775714113724838228e-01
9.732760451140307634e-01
9.705827448107202660e-01
9.689741053789281411e-01
9.681283076185687175e-01
9.678208926164100223e-01
9.679003761501024927e-01
9.682640936073495519e-01
9.688411308415516565e-01
9.695814910481935778e-01
9.704493692719130538e-01
9.714172792631815545e-01
9.724707737464696189e-01
9.735997584105777758e-01
9.748290583790827357e-01
9.761256858723046381e-01
9.768165768322404352e-01
