5.350315784837065269e-01
5.425912939899114606e-01
5.503957730151696204e-01
5.584212811893870532e-01
5.666664228669049397e-01
5.751350341431382684e-01
5.838321978738350015e-01
5.927614458223210425e-01
6.019256849717173896e-01
6.113250114251168599e-01
6.209574446138363957e-01
6.308148153953321291e-01
6.408733159369612853e-01
6.510632321270291012e-01
6.611793830901981917e-01
6.706102900375385811e-01
6.688853829970078380e-01
6.447045556954043022e-01
5.917366907132426412e-01
5.027295568198686393e-01
