6.713406753584132414e-01
6.873680913921169644e-01
7.041059840877568199e-01
7.218316995167882721e-01
7.407902257749429120e-01
7.612361293817284658e-01
7.834440522803466367e-01
8.076529184240607284e-01
8.329894354160682912e-01
8.472629629791437189e-01
8.592074440147074998e-01
8.748037201098469717e-01
8.920262827425079477e-01
9.062059865903996370e-01
9.179928540239319368e-01
9.224394807082558767e-01
9.142789972519178576e-01
8.892303714325898722e-01
8.474948354655601479e-01
7.950692587625856067e-01
