1.513657407228768959e+00
1.408992593488744394e+00
9.995861069808191779e-01
9.765248465598617145e-01
9.722552601559764085e-01
9.695938414875526767e-01
9.680179729654029286e-01
9.672051753511508032e-01
9.669308751591459972e-01
9.670430116246379049e-01
9.674389050603826590e-01
9.680473218982424966e-01
9.688185880317096155e-01
9.697161945597581045e-01
9.707132609687757485e-01
9.717951377743486718e-01
9.729524724061483498e-01
9.742081597080053390e-01
9.755215313622331852e-01
9.762371294364430296e-01
