6.285774650759342608e-01
6.428855440328443693e-01
6.579016293257152759e-01
6.737561346018985375e-01
6.905861020586627763e-01
7.085432316014492748e-01
7.278047126943844036e-01
7.485785850073229941e-01
7.710884327777941527e-01
7.954694026611439650e-01
8.200756601475399643e-01
8.283625715482252350e-01
8.436243197596408061e-01
8.602845654727193647e-01
8.776688845493808566e-01
8.909714418683291060e-01
8.945995810070085374e-01
8.813587376885451130e-01
8.449979610030230459e-01
7.908413898875317205e-01
