6.170980487705772788e-01
6.308609490662313579e-01
6.453237032273123619e-01
6.605880467507274645e-01
6.767676420997790210e-01
6.939893669868220094e-01
7.123997844030265369e-01
7.321693008387943902e-01
7.534838031871756714e-01
7.764820906699736458e-01
8.008215676235744818e-01
8.128233363572774373e-01
8.252026528699034635e-01
8.411389251550224211e-01
8.593416989696452957e-01
8.752030781333606235e-01
8.815690878407715925e-01
8.733964909364169138e-01
8.404583674906432877e-01
7.872723006159502157e-01
