9.545679222484322324e-01
9.980563711776918590e-01
1.036025773118141258e+00
1.046942256657477976e+00
1.055489959978724634e+00
1.062162804566045615e+00
1.076431592816828653e+00
1.156681491959349106e+00
1.244371894502670939e+00
1.327437527597536526e+00
1.321985386938681728e+00
1.255620730816159325e+00
1.190831552842779528e+00
1.143378913059958979e+00
1.108748789896517817e+00
1.077043519440738173e+00
1.051413320483983505e+00
1.040848386919819291e+00
1.020990565586443743e+00
9.573787745904988045e-01
