7.145418774463817568e-01
7.394253995390315248e-01
7.673851622133619488e-01
7.998711797463219364e-01
8.388166202312976605e-01
8.837742061789382042e-01
9.153863371975333729e-01
9.500218693406984327e-01
9.857070710138873260e-01
1.040739988424955964e+00
1.175499082839452036e+00
1.265630729899386742e+00
1.208738184056145748e+00
1.098637437373405135e+00
1.025199081275129043e+00
9.965089886423559307e-01
9.858687646210505529e-01
9.694951611518215495e-01
9.710255338103037648e-01
9.535035027018294862e-01
