6.942071169699147726e-01
7.175485892553855605e-01
7.436747845000610813e-01
7.737235958270696212e-01
8.092381729851670924e-01
8.510206172111701717e-01
8.861731535644740143e-01
9.208590558838236628e-01
9.585146884396593681e-01
9.991023309475587366e-01
1.111528625077792931e+00
1.216759598797553021e+00
1.212133864613010426e+00
1.109476586151026289e+00
1.025719832090171924e+00
9.871624241880532225e-01
9.763201050788119506e-01
9.604443212277968822e-01
9.625266499267610687e-01
9.491604299910918474e-01
