6.895852660961574454e-01
7.123663417426959743e-01
7.377602132814038427e-01
7.667760272553117984e-01
8.007645373652055865e-01
8.412048112046570658e-01
8.785384821766424324e-01
9.103154323801165848e-01
9.458547283335866362e-01
9.834150326982585844e-01
1.058447867251429475e+00
1.156727975670544195e+00
1.193848975531735856e+00
1.127933975575045267e+00
1.050557289677116479e+00
1.005281268378318771e+00
9.830430467289804630e-01
9.661864086992997258e-01
9.669605083057661865e-01
9.478257704104910975e-01
