9.426661439083084959e-01
1.005910075343267929e+00
1.048616717680649124e+00
1.081144408771596677e+00
1.104255630965190083e+00
1.242168710357439920e+00
1.497978779161273089e+00
1.684385577005407475e+00
1.535690551848601704e+00
1.281244911681913567e+00
1.080004738638405293e+00
9.644263188157368161e-01
9.480896528155730030e-01
9.500955570543809792e-01
9.671717038415137413e-01
1.013317671150588462e+00
1.063592055873815001e+00
1.043143585992318823e+00
9.973903919759085079e-01
9.531515634135239168e-01
