7.798599686058081959e-01
8.215332597380141655e-01
8.718335761124851313e-01
9.329152901819525168e-01
9.781015478626783333e-01
1.022211690362056613e+00
1.062753143897400054e+00
1.243424551619752627e+00
1.505831772714877781e+00
1.528358463734916350e+00
1.278710525956548771e+00
1.038562771192323542e+00
9.163706159287398068e-01
8.903144210788767055e-01
8.898479200461325567e-01
9.268973267283001638e-01
9.939916874508897271e-01
1.014655699079420881e+00
9.626098712037390870e-01
9.296324797026540576e-01
