7.213631437505928501e-01
7.557785660534723782e-01
7.964959580359756153e-01
8.466025291123382424e-01
9.078854412892630732e-01
9.534228961410583514e-01
1.001839456467920719e+00
1.049375728382001549e+00
1.252566644102397930e+00
1.486284912806087766e+00
1.405541566013177368e+00
1.137152785449155878e+00
9.311123397615329589e-01
8.709267694384671410e-01
8.530697145584317242e-01
8.808484505605792547e-01
9.488006140487301732e-01
9.931649896538741196e-01
9.419584156951010812e-01
9.139649724013518828e-01
