7.044979551010159824e-01
7.370050192215215068e-01
7.753041353996777962e-01
8.219915434381176444e-01
8.804951818889558135e-01
9.304793438472352962e-01
9.786256494012209872e-01
1.028446638992010831e+00
1.171556207108074954e+00
1.414730601045692371e+00
1.430587994556234754e+00
1.177242532433561140e+00
9.503829158107630626e-01
8.648626442599661734e-01
8.460694246382632899e-01
8.640949340697490211e-01
9.308548896887269830e-01
9.836680803031433440e-01
9.341920108420730395e-01
9.079187878899032116e-01
