6.872480004840422207e-01
7.179552924040031314e-01
7.539505426916175423e-01
7.973604620973978596e-01
8.516353581067808154e-01
9.161290823973752273e-01
9.597711283723936448e-01
1.011056212859497316e+00
1.078033139091287840e+00
1.339681803413688144e+00
1.451278048211835037e+00
1.230122886736230381e+00
9.788412322811428368e-01
8.627667563682606122e-01
8.401487387065161849e-01
8.463029796481335021e-01
9.093757126611557995e-01
9.712720400641795537e-01
9.242266556643056186e-01
8.993439153746639603e-01
