1.566236044953432494e+00
1.653020290892507127e+00
1.380611287486550154e+00
1.106441433236878602e+00
1.003318620201942402e+00
9.846292770895518354e-01
9.751684388194720166e-01
9.712899392406155741e-01
9.724496148035490783e-01
9.739061654364566945e-01
9.755493978599846239e-01
9.773783389067814964e-01
9.793780983533093565e-01
9.815355779123351443e-01
9.838414674001946247e-01
9.863129439381159713e-01
9.889092547741815675e-01
9.823567815184112151e-01
9.527896452774134994e-01
7.963448635294729794e-01
