1.536178890223404370e+00
1.636843861551610324e+00
1.418282634257639341e+00
1.131841914944544225e+00
9.982105570350997548e-01
9.788666979102383925e-01
9.694063775700055841e-01
9.655730235212811596e-01
9.663242069804376388e-01
9.676003209458895471e-01
9.690762392938649938e-01
9.707456828645081304e-01
9.725976112777173777e-01
9.746220681237870442e-01
9.768116956256988059e-01
9.791854411782747736e-01
9.816944454062696002e-01
9.754344796328490164e-01
9.412992131843420651e-01
7.931582876134369853e-01
