1.529918025523867797e+00
1.632534235384607291e+00
1.428101080852882010e+00
1.140014535708310683e+00
9.977861321738165090e-01
9.783023516769222550e-01
9.688285222302779331e-01
9.650532744101442129e-01
9.656754990849013565e-01
9.669071678926743907e-01
9.683360290168540052e-01
9.699540944189923852e-01
9.717514470701171803e-01
9.737192877997459250e-01
9.758508323846549759e-01
9.781662498896710467e-01
9.806090569084670028e-01
9.740965344865607500e-01
9.407968618644952929e-01
7.977110553846412655e-01
