1.544669651702942570e+00
1.621614272041532301e+00
1.314283177186707618e+00
1.045781059251894796e+00
9.704392958213192699e-01
9.460129345310305249e-01
9.308938777209996296e-01
9.275201207305533435e-01
9.256594738981256398e-01
9.243324120828269042e-01
9.235014921917515940e-01
9.231135585133170007e-01
9.231186349303213134e-01
9.234735821032437064e-01
9.241416094948712301e-01
9.250909019780617637e-01
9.262924111107925240e-01
9.277244243040204674e-01
9.304188209208964500e-01
9.215851270149508778e-01
