1.518185059926655089e+00
1.614947913021406611e+00
1.352073216104189513e+00
1.067632500774617688e+00
9.679838668781882705e-01
9.424244173171716366e-01
9.264720092898305337e-01
9.216030170790534548e-01
9.194414886059075753e-01
9.178814457432822316e-01
9.168532544828449371e-01
9.163068527444184763e-01
9.161906870125746671e-01
9.164592980876723471e-01
9.170735493831285723e-01
9.179995286482099948e-01
9.192067471086493580e-01
9.206743265299068835e-01
9.233735657119732654e-01
9.170338517829796920e-01
