1.504307263903244207e+00
1.606528008784530392e+00
1.370365160170249563e+00
1.079380223186617860e+00
9.660102416325048180e-01
9.399279339999694338e-01
9.236158046914766384e-01
9.180013245963820623e-01
9.156310999536756423e-01
9.139042161209207649e-01
9.127357579007577826e-01
9.120768143990302113e-01
9.118739191087509299e-01
9.120803874551127732e-01
9.126554942963699402e-01
9.135640701521917650e-01
9.147744888708343458e-01
9.162665077968361604e-01
9.189866495643321809e-01
9.147785413648560349e-01
