1.498958968932266655e+00
1.602815022140791745e+00
1.378527081313839719e+00
1.085347654400929507e+00
9.656491986466786415e-01
9.393428953479546761e-01
9.228830830429934906e-01
9.169490812997972418e-01
9.145000487207558537e-01
9.127083203999456495e-01
9.114820018788964973e-01
9.107729800973082268e-01
9.105277046189158563e-01
9.106989234729172544e-01
9.112455663596443767e-01
9.121320605423681727e-01
9.133263115651750752e-01
9.148086185615754706e-01
9.175270291357897623e-01
9.142090477554453143e-01
