1.502468110265294809e+00
1.582776910697795580e+00
1.272455815944482094e+00
9.994740825117208738e-01
9.376744242371957139e-01
9.104755167269906746e-01
8.982575167752536727e-01
8.953370354467864445e-01
8.934794136942770804e-01
8.923869399229977795e-01
8.919604264905367508e-01
8.920930925505980991e-01
8.926971572394201138e-01
8.937017102084431341e-01
8.950483326211757795e-01
8.966884427982940720e-01
8.985824531561621420e-01
9.006985982862044660e-01
9.030188846801948666e-01
9.055273879277502269e-01
