1.491438406835566388e+00
1.581321390868933641e+00
1.290221827805455135e+00
1.009392662748045399e+00
9.378215032324426215e-01
9.100184178443226912e-01
8.967550757690521124e-01
8.937383598649452088e-01
8.918165658231648196e-01
8.906669773688347114e-01
8.901928094301767569e-01
8.902865653166002202e-01
8.908596590479891386e-01
8.918403229955839118e-01
8.931693106428564288e-01
8.947976418225070949e-01
8.966853555946986409e-01
8.988003973875642316e-01
9.011249555541877010e-01
9.036455224940853626e-01
