1.484993099438256525e+00
1.578002081736983309e+00
1.297268919077461113e+00
1.012479056741665939e+00
9.365508633803393268e-01
9.084528450529367749e-01
8.947184125610236904e-01
8.915973145083359030e-01
8.896055101526291198e-01
8.884075040001923051e-01
8.879052538534396577e-01
8.879887574799768535e-01
8.885675152896124196e-01
8.895680347515870778e-01
8.909297446896984329e-01
8.926027037930506225e-01
8.945454764673800296e-01
8.967256172938352643e-01
8.991243943255200488e-01
9.017302766443832107e-01
