1.473451770482308243e+00
1.572485562754078581e+00
1.315002289518202749e+00
1.022778501021790465e+00
9.360380569714328303e-01
9.073192501972576762e-01
8.925128227540827242e-01
8.892385443014627633e-01
8.871398613910963515e-01
8.858543479416511879e-01
8.852848417238183831e-01
8.853188465894938908e-01
8.858640194447338079e-01
8.868453112767691326e-01
8.882008857181046269e-01
8.898793537633555850e-01
8.918385219466385960e-01
8.940454969529052498e-01
8.964811702715392849e-01
8.991370947818742021e-01
