1.469355014376984681e+00
1.569564214968224514e+00
1.320822452593476193e+00
1.026152864840263579e+00
9.355873777247049050e-01
9.066595983398243463e-01
8.914797560870431070e-01
8.881352721070812084e-01
8.859884148306274021e-01
8.846670342069904436e-01
8.840729616501670218e-01
8.840926717705667182e-01
8.846325484049490928e-01
8.856165566444187398e-01
8.869821566226030463e-01
8.886772152842957739e-01
8.906591573105804294e-01
8.928944184573353038e-01
8.953635757832739683e-01
8.980594545818424423e-01
