1.538346389927518709e+00
1.527629564279209040e+00
1.148023927694061141e+00
9.544072848868707659e-01
9.142147736086178034e-01
8.902100239869489284e-01
8.867680259097053819e-01
8.848543383257931882e-01
8.838230990174150703e-01
8.835473586441230376e-01
8.838754521105744999e-01
8.846892050008846597e-01
8.858974553508307537e-01
8.874294322766443921e-01
8.892280529556200186e-01
8.912483401223743051e-01
8.934533420762424960e-01
8.958139360808146101e-01
8.983138203725926640e-01
9.009316827900466507e-01
