1.521747185107240607e+00
1.536756194854403290e+00
1.167660479019338782e+00
9.540568452105963049e-01
9.128206698126267726e-01
8.872298027587578462e-01
8.836343225541278823e-01
8.816290701154188003e-01
8.805291818009949312e-01
8.802092597111311756e-01
8.805144259048589550e-01
8.813237204102578604e-01
8.825439458836263906e-01
8.841016120942276624e-01
8.859388397000067528e-01
8.880084450221275016e-01
8.902725908403413824e-01
8.927013668050066686e-01
8.952780516003104871e-01
8.979845812418945084e-01
