1.509837307131703721e+00
1.538982548290002361e+00
1.178777858367696663e+00
9.527633178810107628e-01
9.107415351301256790e-01
8.844604930753269256e-01
8.804517781185671188e-01
8.783522271268453530e-01
8.771980688941334314e-01
8.768523658317417535e-01
8.771572978066287662e-01
8.779885997041588785e-01
8.792500799295531744e-01
8.808662269637874687e-01
8.827768181790471846e-01
8.849330455883125390e-01
8.872958558233243753e-01
8.898338450820082457e-01
8.925297524402291405e-01
8.953676025233077151e-01
