1.478722594205779783e+00
1.542438620279705797e+00
1.218350040459617478e+00
9.526602101663846911e-01
9.084060099047666093e-01
8.807961549666096790e-01
8.748187581930993995e-01
8.724901037067974707e-01
8.712013001386131883e-01
8.707626827704467720e-01
8.710159358541483821e-01
8.718313450155639188e-01
8.731081210390437830e-01
8.747671614183128996e-01
8.767449639670810146e-01
8.789907526955015316e-01
8.814624904470180766e-01
8.841278906980059027e-01
8.869692583003560005e-01
8.899767599160152143e-01
