1.472753514313719814e+00
1.541871041472121950e+00
1.226923214922609695e+00
9.551023372865744543e-01
9.083323358758046417e-01
8.804169918167946696e-01
8.739695523193583560e-01
8.715958416912360507e-01
8.702813181669988296e-01
8.698237011974101485e-01
8.700648690514409811e-01
8.708744742844867215e-01
8.721508483045899984e-01
8.738139689604500493e-01
8.758000618226958744e-01
8.780575973684761060e-01
8.805445471613414510e-01
8.832284267638089714e-01
8.860910095156951938e-01
8.891237873743929043e-01
