1.473846439008999809e+00
1.540701350455201180e+00
1.226358319387119256e+00
9.541920855126547751e-01
9.075223701652354036e-01
8.795780561046832036e-01
8.731042245510578503e-01
8.706843575087372944e-01
8.693377930561847489e-01
8.688608301150770874e-01
8.690936861160678539e-01
8.699042633891600484e-01
8.711901054064846717e-01
8.728703084723193895e-01
8.748803660138275706e-01
8.771681405228028972e-01
8.796909412678761697e-01
8.824156316634311770e-01
8.853238471748565708e-01
8.884075379086510127e-01
