1.606463097143779217e+00
1.745566161770699232e+00
1.462230662250934010e+00
1.125853666080967930e+00
1.034073427038310511e+00
1.033019192593878977e+00
1.033308132014079117e+00
1.033586273084698526e+00
1.033867676102847355e+00
1.034153040329084172e+00
1.034441510995050884e+00
1.034721384115680820e+00
1.035007631858360311e+00
1.048151346573328091e+00
1.160837804735558532e+00
1.331765014799904723e+00
1.429217925363754693e+00
1.415161618215903694e+00
1.352363628347679869e+00
1.320136384824114995e+00
