1.512271742302540689e+00
1.485048125680022979e+00
1.103020227059679392e+00
9.294940994153871872e-01
8.886148147086967430e-01
8.700411775582173046e-01
8.671354133899407124e-01
8.657151624510922572e-01
8.652239228907651070e-01
8.654911572849778301e-01
8.663531996635992494e-01
8.676868095358466482e-01
8.693985768267054048e-01
8.714160819798756341e-01
8.736808682641435952e-01
8.761454217999040672e-01
8.787692367963226836e-01
8.815189055351650982e-01
8.843698423980727030e-01
8.873131368549790343e-01
