1.501390211793629081e+00
1.488345140207739892e+00
1.110501966873731927e+00
9.281562312875325516e-01
8.867043397683298522e-01
8.673918544965029120e-01
8.643796370692422570e-01
8.629049228797379678e-01
8.623887453147828230e-01
8.626576545964212972e-01
8.635438105090588179e-01
8.649207089615889021e-01
8.666927917066908904e-01
8.687851081332532699e-01
8.711378903537680962e-01
8.737019292778975821e-01
8.764355053572820964e-01
8.793043934390016858e-01
8.822836169818318863e-01
8.853643720088286706e-01
