1.489972545225599632e+00
1.495104043837552910e+00
1.124749801265991778e+00
9.291030796288020088e-01
8.869607013691730435e-01
8.665812132575814175e-01
8.635362225588115725e-01
8.620542837551431470e-01
8.615301210693659950e-01
8.617935428596297243e-01
8.626763791375330337e-01
8.640517668782897731e-01
8.658240740573776018e-01
8.679182420849347324e-01
8.702744910599162775e-01
8.728434771667404890e-01
8.755836400072622983e-01
8.784610479763297342e-01
8.814513038654239185e-01
8.845463025531947743e-01
