1.469820388218529894e+00
1.498877192452532592e+00
1.143541889520674371e+00
9.279509283837629185e-01
8.846530349293919571e-01
8.626777728632792908e-01
8.594327503432023230e-01
8.578435270777238220e-01
8.572583544293599367e-01
8.575030162009631418e-01
8.584028089820066043e-01
8.598258301958385807e-01
8.616723921345886827e-01
8.638647259065207473e-01
8.663398633885304179e-01
8.690469344511417837e-01
8.719420520443454947e-01
8.749902985986461879e-01
8.781671846076634091e-01
8.814650500331340233e-01
