1.597266300159980279e+00
1.737396309721672916e+00
1.467427404409891833e+00
1.126620003810926196e+00
1.030266181752134358e+00
1.029000931395446017e+00
1.029324624479435402e+00
1.029639566167144027e+00
1.029958975360750095e+00
1.030283739824672029e+00
1.030612943217226629e+00
1.030938083488361912e+00
1.031261438108385775e+00
1.040399160680270274e+00
1.137401197896032334e+00
1.306994331181227986e+00
1.416912912364572730e+00
1.407873217379397968e+00
1.344568311995411269e+00
1.313577453318146127e+00
