1.552578564424924368e+00
1.613285793958409320e+00
1.683106465964985698e+00
1.675076641626690011e+00
1.486257295349162622e+00
1.246783048927605719e+00
1.080667229265827700e+00
1.010891523196640218e+00
9.973683151501326893e-01
9.894012748605423013e-01
9.850966358424584346e-01
9.859776036353690154e-01
9.870771082540510388e-01
9.882476081418343217e-01
9.941719940773708908e-01
1.049258840501500645e+00
1.059419958746781409e+00
7.247387589081712989e-01
7.124893696004794830e-01
7.372510440923982777e-01
