1.528263493632757930e+00
1.584583737971088979e+00
1.650669332297254766e+00
1.667130096901246139e+00
1.526998019007750340e+00
1.293761013850648123e+00
1.107290941821264640e+00
1.006126269583810018e+00
9.902099503040487916e-01
9.807504220521366944e-01
9.753147645333304361e-01
9.755675090951959616e-01
9.767091038910105105e-01
9.779854657731673617e-01
9.842070104621585269e-01
1.027989163594910771e+00
1.064543114400558821e+00
7.221592584211953270e-01
6.909715441803305769e-01
7.187680782518006684e-01
