1.543630119038381654e+00
1.612466566715462735e+00
1.688916113712608524e+00
1.649820663676064170e+00
1.420577297100901859e+00
1.182779482093838652e+00
1.041937528712749028e+00
1.024000108395896946e+00
1.015882176179024432e+00
1.014272480981329938e+00
1.017384530406561627e+00
1.020616268348041533e+00
1.023862231533604117e+00
1.027122315847592171e+00
1.030301084985008941e+00
1.033988840787169128e+00
1.073599050193970950e+00
1.038523258389302484e+00
7.738440387415806976e-01
7.177978707596517349e-01
