1.521265438216079513e+00
1.586495130828794897e+00
1.661984541978397623e+00
1.652256498032196097e+00
1.456963849077106410e+00
1.216447213814155326e+00
1.056554342089868870e+00
1.019722366927118706e+00
1.010257067073675463e+00
1.007033519168323732e+00
1.010230245926933668e+00
1.013592531830098231e+00
1.016971446328315931e+00
1.020373096422098280e+00
1.023722669533989382e+00
1.027836943135317593e+00
1.063290929417005426e+00
1.040330391650665209e+00
7.633566363174536518e-01
7.003228834491339594e-01
