1.511024719202356925e+00
1.574981359576149931e+00
1.649202775983073410e+00
1.655139864153068352e+00
1.483884961860231000e+00
1.245754890188022213e+00
1.074730464206121727e+00
1.020591498147243481e+00
1.010132760295241017e+00
1.005309702152461071e+00
1.008521326206301083e+00
1.011930419557040661e+00
1.015345205152519803e+00
1.018778211695821501e+00
1.022170010469657608e+00
1.026943426358939204e+00
1.061168059913910611e+00
1.043759423480913551e+00
7.684155733826270041e-01
6.979526224835698178e-01
