1.529228779378115188e+00
1.604221675281773729e+00
1.684964385423673550e+00
1.610054207197265885e+00
1.353880171445296599e+00
1.132863943297090614e+00
1.045643104142948365e+00
1.034480086205395555e+00
1.031127473706529463e+00
1.034815911768167673e+00
1.038050830348975051e+00
1.040519045533636833e+00
1.042048481915551328e+00
1.042394497218352534e+00
1.041268352227657346e+00
1.038352841791812198e+00
1.033417686089725507e+00
1.010802234439657887e+00
9.738918230062422188e-01
8.188563386859971649e-01
