1.500257942190162286e+00
1.571514437200262737e+00
1.653160164977722113e+00
1.622908498533723209e+00
1.397679673752592278e+00
1.164411431228006943e+00
1.044022905762975517e+00
1.029181418945670057e+00
1.023468618141327724e+00
1.027362266680048597e+00
1.030876191046822488e+00
1.033637734957179477e+00
1.035484441244824527e+00
1.036169088618099865e+00
1.035391592258599225e+00
1.032808517468013276e+00
1.028134420528879378e+00
1.006539517028320008e+00
9.633465301815047344e-01
8.173056440381942789e-01
