1.469238330655435520e+00
1.541448577314561419e+00
1.619104395508001337e+00
1.622694040430141760e+00
1.436667658145778903e+00
1.201349604354454481e+00
1.045481121285280146e+00
1.024155653800011390e+00
1.016848045128074141e+00
1.019582295572215802e+00
1.023368724881299041e+00
1.026465815315027452e+00
1.028682044528253847e+00
1.029776477613548291e+00
1.029442032508760541e+00
1.027318405755454522e+00
1.022935605157962113e+00
1.003297871423001864e+00
9.550114374882064938e-01
8.375696434661067391e-01
