1.506061392097455709e+00
1.585972211317120184e+00
1.668403209331215109e+00
1.548520421469220976e+00
1.270534289091164615e+00
1.076738287236618241e+00
1.042957650443833595e+00
1.034178347489445926e+00
1.034586594178236840e+00
1.032743781189460419e+00
1.026466818964910654e+00
1.014634556633433160e+00
9.980481146551654081e-01
9.808529269532425543e-01
9.668503619840944641e-01
9.567624702176885654e-01
9.498616047039395438e-01
9.452906534758032109e-01
9.440377757119423618e-01
9.344111348037695830e-01
