1.474508804005453477e+00
1.550694136566136638e+00
1.636572434469508064e+00
1.579015839161935109e+00
1.326324529488406290e+00
1.111378435311471069e+00
1.041877244091875987e+00
1.030582050951606377e+00
1.029056529372060602e+00
1.027732994360684771e+00
1.022079848773066235e+00
1.010704221305492645e+00
9.939376411805886935e-01
9.759127088542630668e-01
9.610904991628956839e-01
9.504900299026610710e-01
9.433348746723333456e-01
9.386682275013780163e-01
9.371742134327216700e-01
9.294689540246348081e-01
