1.438019805557222197e+00
1.517786120865217470e+00
1.598257793869995336e+00
1.585560829220779011e+00
1.370202806578578958e+00
1.146343591330154066e+00
1.040445612293483757e+00
1.025188676741886518e+00
1.021404819131413344e+00
1.020911739485094394e+00
1.016325792204244127e+00
1.005949099280552206e+00
9.893089540804617110e-01
9.701199501595910712e-01
9.539046742505583598e-01
9.423840966054503054e-01
9.346902465680565486e-01
9.297153947866595436e-01
9.280497332708483871e-01
9.240084431688784239e-01
