1.484291099728477059e+00
1.568250042853073900e+00
1.647384467391178386e+00
1.474511440194144818e+00
1.189752838133323998e+00
1.052919027570735189e+00
1.034764695137208479e+00
1.024526234015748827e+00
1.009776168710293742e+00
9.850086765022436630e-01
9.604806325989216909e-01
9.435499087355706527e-01
9.330406597468446916e-01
9.266888763658561734e-01
9.229935806438912538e-01
9.210441763601813214e-01
9.202774994382953988e-01
9.203342983743145744e-01
9.210179754411799147e-01
9.220599011804851974e-01
