1.469866610905665727e+00
1.551758112698711001e+00
1.635473737560351193e+00
1.488712291530372545e+00
1.204102498195917192e+00
1.053227211767237659e+00
1.032424242926815783e+00
1.021778199546225618e+00
1.007449296769627578e+00
9.824078041381740789e-01
9.569649845734630178e-01
9.394315621872915134e-01
9.286665493416830230e-01
9.222469582241704655e-01
9.185852994722640830e-01
9.167286661226523581e-01
9.160916483204282201e-01
9.163036473527280679e-01
9.172415685267641949e-01
9.183884871432433927e-01
