1.456859738628808465e+00
1.537697503326100001e+00
1.624571317319403407e+00
1.505854391393536718e+00
1.223378592116151964e+00
1.055327071359562385e+00
1.031547208151210260e+00
1.020162500066748468e+00
1.006298633107467477e+00
9.813312869384291925e-01
9.553401936978380693e-01
9.373484392286690614e-01
9.263439594527218546e-01
9.198138302220810747e-01
9.161115941049883249e-01
9.142542250665957049e-01
9.136412138894328683e-01
9.138941896621100014e-01
9.149673760397097899e-01
9.160918733910458078e-01
