1.440272312705296986e+00
1.521667005106909887e+00
1.608944653910364231e+00
1.515391593659763503e+00
1.237646407156010042e+00
1.055292348421585924e+00
1.029148475685216280e+00
1.017229277601816140e+00
1.004130680506436724e+00
9.792125998399003883e-01
9.521202716992778203e-01
9.332617959711989597e-01
9.218474950730283224e-01
9.151640648795463795e-01
9.114459427120505941e-01
9.096522565568612162e-01
9.091534333048258976e-01
9.096899973441857634e-01
9.109100856897218712e-01
9.121104121518543995e-01
