1.431766221156703711e+00
1.514008812675976090e+00
1.601084052636681854e+00
1.522852754157401955e+00
1.250109658243496735e+00
1.060926195065081235e+00
1.029228283454425519e+00
1.016347713623491522e+00
1.003587458580636582e+00
9.788345437864044429e-01
9.514217466651141430e-01
9.322404235532881778e-01
9.206490692991330382e-01
9.138769058003717305e-01
9.101178211345780644e-01
9.083203339035664792e-01
9.078976143425275813e-01
9.084512750889778276e-01
9.096552573228264826e-01
9.108333649768203255e-01
