1.424814541430700299e+00
1.507939241273426711e+00
1.594312726707090011e+00
1.527179216531766803e+00
1.259164638845204021e+00
1.066201746439813913e+00
1.029105374682425467e+00
1.015493542698489460e+00
1.003032384033821334e+00
9.784098009991755163e-01
9.506685613063445839e-01
9.311714454391709639e-01
9.194138439229468940e-01
9.125635521389038329e-01
9.087966801109971238e-01
9.070379968842438023e-01
9.066426578477037035e-01
9.072178097404695052e-01
9.084233520495353931e-01
9.096016086346057072e-01
