1.417618936795593587e+00
1.501804557946890606e+00
1.587392490559422775e+00
1.532807774152596503e+00
1.271085787606564210e+00
1.073382103292191081e+00
1.029496923473213199e+00
1.014927203355369123e+00
1.002743630349769433e+00
9.783193025328766890e-01
9.503833767456949522e-01
9.305869766380309160e-01
9.186809473807369120e-01
9.118017319707653057e-01
9.080359875632577626e-01
9.062800307542305811e-01
9.058868439393762406e-01
9.064549918772669690e-01
9.076321128019487761e-01
9.087791927592558938e-01
