1.425110255664017611e+00
1.507235195978646525e+00
1.591665804127331718e+00
1.528511469932507527e+00
1.264904921175727726e+00
1.070560115308082372e+00
1.029054659818068096e+00
1.014809623723777365e+00
1.002622708517630912e+00
9.781566832634214226e-01
9.499817389634779286e-01
9.301640611354440313e-01
9.183090130596794909e-01
9.114601528635631889e-01
9.077138069148380506e-01
9.059727081222804790e-01
9.055919755438044394e-01
9.061670269430504021e-01
9.073373211949016248e-01
9.084640548111879710e-01
