1.584197018831354775e+00
1.668104376781432974e+00
1.690307404080736431e+00
1.522611751965911031e+00
1.276323867460932959e+00
1.083405825607789641e+00
9.568395274741822165e-01
9.197278088565493670e-01
9.021429172868445923e-01
8.904953537517618090e-01
8.871730533421564591e-01
8.789743232061434375e-01
8.528659467121515458e-01
8.698360186940303773e-01
9.277905157819452686e-01
9.372554701989685988e-01
8.839674040161203949e-01
8.769730353601974393e-01
8.800821423488326412e-01
8.603055577215367178e-01
