1.562219351855171912e+00
1.707983797106583879e+00
1.522726140758004609e+00
1.159922918978686823e+00
1.022492346118610396e+00
1.018783380125697136e+00
1.019151056711045777e+00
1.019518434996891543e+00
1.019889394207345479e+00
1.020266870916832991e+00
1.020649981879549806e+00
1.021035769299554641e+00
1.021412254291866661e+00
1.023691087546007017e+00
1.083998662916144884e+00
1.240538619719758096e+00
1.382312500451299275e+00
1.389790150506848398e+00
1.325020544827918201e+00
1.296014178730177768e+00
