1.597036494045743327e+00
1.696277308643491688e+00
1.700061395519661955e+00
1.473673272730548600e+00
1.213049467708775531e+00
1.032393142841896427e+00
9.519373308764567110e-01
9.334680659163054894e-01
9.220836980681256234e-01
9.224073759390665206e-01
9.241535363922691593e-01
9.261654533809745571e-01
9.357039153838041523e-01
9.513501193670390599e-01
9.692818367604280061e-01
9.457272303782884304e-01
7.963073314916988554e-01
7.674792131832951503e-01
7.754402468828577311e-01
7.605191905186181600e-01
