1.579039479970413495e+00
1.675169378580662505e+00
1.698478376470649698e+00
1.498763825545372130e+00
1.234549760800535800e+00
1.042068426699528372e+00
9.451840573356006248e-01
9.256465216187167444e-01
9.135463753457641056e-01
9.130019472511682332e-01
9.151720275908946656e-01
9.175965361130059561e-01
9.255239343855574674e-01
9.400876826317345891e-01
9.521535426994042206e-01
9.401431979963280616e-01
7.941484000576278790e-01
7.600766944307993933e-01
7.688047634044345990e-01
7.541540932236950878e-01
