1.532241009778307683e+00
1.618486130095563080e+00
1.675322316583830018e+00
1.566654040240007539e+00
1.317185427159254463e+00
1.094436756415637424e+00
9.445463664206935617e-01
9.077927285894908938e-01
8.927778157390399150e-01
8.877141722784607225e-01
8.910021815736021145e-01
8.945613733615405128e-01
9.000922507224925484e-01
9.116709161410704310e-01
9.055332849670618689e-01
9.216431249040999418e-01
8.072341001354528256e-01
7.405396328705899922e-01
7.522338802777870370e-01
7.399183492504952664e-01
