1.577054285390966815e+00
1.502898303428256144e+00
1.103830448167326228e+00
1.029758609341722142e+00
1.029873583008408255e+00
1.030470900503761333e+00
1.031060476946045856e+00
1.031660952325860414e+00
1.032270960659753101e+00
1.032888405345208316e+00
1.033512148691778210e+00
1.034140809800931926e+00
1.034773221149632105e+00
1.035408849265003539e+00
1.036047346029297822e+00
1.036693480625310970e+00
1.036876336071676841e+00
1.061834089992116148e+00
1.179584816058863561e+00
1.256869699181737854e+00
