1.585771997585589288e+00
1.694831521135738317e+00
1.705830093212092891e+00
1.459459902359990568e+00
1.186194448737734053e+00
1.006361906536682227e+00
9.542769556926689045e-01
9.398835334766698635e-01
9.379596184405143422e-01
9.413424579892990529e-01
9.452125170070658777e-01
9.494654988634226855e-01
9.540927812064031732e-01
9.643761419603907870e-01
1.004546357183656813e+00
1.079816086053785762e+00
1.023485378021974146e+00
7.328237394665352289e-01
7.274084981288716500e-01
7.402166684768721749e-01
