1.544273923461820797e+00
1.644917651135300085e+00
1.700505302726925017e+00
1.528647591895273550e+00
1.249695723243871237e+00
1.039836725009489093e+00
9.446406204468315027e-01
9.274864444061018398e-01
9.218991254106555511e-01
9.262380903210991612e-01
9.310420573797455468e-01
9.361357385752374638e-01
9.415280100497683824e-01
9.509135714851455479e-01
9.844109163006080632e-01
1.047126938144168573e+00
1.026026447589168056e+00
7.141118996281341502e-01
7.087438026663601676e-01
7.215362070786837112e-01
