1.531944080804911623e+00
1.629993664850065471e+00
1.693165274992385783e+00
1.544301866792971989e+00
1.267566033668959369e+00
1.049561752301263695e+00
9.412159423863483143e-01
9.229363638087514365e-01
9.161547418048521241e-01
9.208422184622478968e-01
9.259835166377573534e-01
9.313808564544747703e-01
9.370516299234946667e-01
9.463741088578250249e-01
9.770792474996845556e-01
1.034137320094358437e+00
1.029236609578974004e+00
7.081355832419109486e-01
7.013250563896991085e-01
7.143947520211005875e-01
