1.507739521473614674e+00
1.600687355928708921e+00
1.674141957125472091e+00
1.574179945003521208e+00
1.309872260033805080e+00
1.076048824484223676e+00
9.357884878446447452e-01
9.148243018572124186e-01
9.049129208199957475e-01
9.102756544754254664e-01
9.160633269162123948e-01
9.219835038324238896e-01
9.282464497079582211e-01
9.380772831778100285e-01
9.642904225607719093e-01
1.014536143301557169e+00
1.037708665752854476e+00
7.010694049559613727e-01
6.856638757100212977e-01
7.003198098268978988e-01
