1.501156398148087323e+00
1.592431118986624483e+00
1.667076655176028099e+00
1.581391786820637302e+00
1.323929957607565600e+00
1.086205323969738679e+00
9.345210589228215570e-01
9.123252586598220581e-01
9.020920524667696005e-01
9.069675149645450851e-01
9.128648301343990079e-01
9.189055094227788212e-01
9.257808348139843213e-01
9.358424039792956339e-01
9.620825368738993300e-01
1.010413753991027841e+00
1.034335681178417232e+00
6.978704819776955226e-01
6.806527734240512828e-01
6.960556605039268652e-01
