1.608089007591256392e+00
1.754612900277217724e+00
1.447147758401899020e+00
1.117152181362046193e+00
1.051608284166993368e+00
1.053843012495683240e+00
1.056128166224967302e+00
1.058396244683149856e+00
1.060657379612413242e+00
1.062903651336086552e+00
1.065126693113523704e+00
1.067317580544976607e+00
1.069465357450870791e+00
1.071540127504106099e+00
1.075141794746196755e+00
1.126907238611344120e+00
1.233509709043256741e+00
1.332789220377999184e+00
1.372262668665610530e+00
1.306906782373699283e+00
