1.511447644951734670e+00
1.614406812006937253e+00
1.694548184833038151e+00
1.550024477553474389e+00
1.258309474895699109e+00
1.035118484410403550e+00
9.483896477011233284e-01
9.347370431480567232e-01
9.373433310771295268e-01
9.454569837547083244e-01
9.540593393140247569e-01
9.629123598885029889e-01
9.717648385932058375e-01
9.806481100980265486e-01
9.912468574837008939e-01
1.013171547378591386e+00
1.064383297871953404e+00
1.049575119846895888e+00
8.051701993063846707e-01
7.267610518277257681e-01
