1.500492530567376415e+00
1.601547948110715547e+00
1.685445179989130793e+00
1.561117655593764031e+00
1.272759343118505582e+00
1.042655659089678499e+00
9.457670636179033030e-01
9.311862562392555498e-01
9.331341751491987191e-01
9.415467231585518126e-01
9.504156028464573192e-01
9.594854764437119599e-01
9.685074533714542744e-01
9.775336941651162626e-01
9.883395656427231835e-01
1.009016331606443773e+00
1.059030413256751402e+00
1.050743938924086907e+00
8.043748495594889025e-01
7.199077905233352004e-01
