1.483171818695976141e+00
1.582138314012480507e+00
1.670232608904607119e+00
1.578403850464477731e+00
1.299279743597751668e+00
1.058541544121363698e+00
9.429368357881757756e-01
9.266045672669631639e-01
9.272775249059371783e-01
9.361167847443553347e-01
9.453664511042559893e-01
9.547629828787977946e-01
9.641059103148499343e-01
9.734703111187438251e-01
9.844146197032404011e-01
1.003357630379397403e+00
1.050897976840343251e+00
1.055104576690923945e+00
8.114823089671290290e-01
7.101184262004072156e-01
