1.468005531235701433e+00
1.566389512412487139e+00
1.656935884880720078e+00
1.596532067299289315e+00
1.332054768772116926e+00
1.082266240277443892e+00
9.437874507855230632e-01
9.252632030598934021e-01
9.241897412404312950e-01
9.332765779388428884e-01
9.427413345411885803e-01
9.523073786757926262e-01
9.618263149675302381e-01
9.714246515762321454e-01
9.825488459531226404e-01
1.000793412803548721e+00
1.046064932339141773e+00
1.059982541415611879e+00
8.284268172511964901e-01
7.052875433185620269e-01
