1.471014465208150490e+00
1.568759069889022140e+00
1.657637582143273836e+00
1.590129326708952684e+00
1.323235817280011606e+00
1.075482273997716565e+00
9.418030235965547670e-01
9.236638325405893690e-01
9.231150815355190220e-01
9.322802279000990122e-01
9.418053379742385989e-01
9.514254661405736613e-01
9.610143734513612035e-01
9.707666509146954947e-01
9.822356866329200464e-01
1.001745705182539803e+00
1.047112896838838569e+00
1.055561472162864334e+00
8.167108787364109057e-01
7.024538271443165893e-01
