1.474634295508687742e+00
1.580525030290599320e+00
1.675789185390847980e+00
1.549859064994902003e+00
1.244016319866036113e+00
1.014702371609418119e+00
9.490145176136429717e-01
9.421081970293958552e-01
9.538012974555784007e-01
9.661166962027291083e-01
9.785116773980322424e-01
9.906867674541388613e-01
1.002160676158880381e+00
1.012269875061247548e+00
1.020307022454869372e+00
1.026118077449579502e+00
1.029764027328100129e+00
1.009470101635251194e+00
9.658462677150729814e-01
8.408986456856917258e-01
