1.465553604024206313e+00
1.571424041431022989e+00
1.668085370400555822e+00
1.556282438841797511e+00
1.253161026767874775e+00
1.018492783919986433e+00
9.469490299497935748e-01
9.392573507116003251e-01
9.510523602794320741e-01
9.635667302344790297e-01
9.761296490308153384e-01
9.884490406186284828e-01
1.000052445289395298e+00
1.010295149340995291e+00
1.018495145018324610e+00
1.024462723129420549e+00
1.028077152301923869e+00
1.009042333352242249e+00
9.619755733687129773e-01
8.444574838020082463e-01
