1.454602902079853211e+00
1.560746721032177931e+00
1.659408224762796591e+00
1.572147803619550421e+00
1.277069983863914349e+00
1.033689888897981302e+00
9.484414690193326836e-01
9.389919548999037247e-01
9.497014268380349344e-01
9.623216936292877666e-01
9.749769692055878512e-01
9.873598174553331885e-01
9.990096629091376190e-01
1.009299236427626534e+00
1.017575317408413227e+00
1.023630688949679790e+00
1.027179824644758988e+00
1.008729629726053956e+00
9.601063056190834999e-01
8.505772955160635362e-01
