1.439679700340479984e+00
1.547839832167454688e+00
1.647080948235392084e+00
1.582907585482391077e+00
1.297349255410101598e+00
1.045781735134809098e+00
9.476087244481572469e-01
9.366834291026256976e-01
9.465635045557944105e-01
9.594099876434523111e-01
9.722612589879382483e-01
9.848017631618417589e-01
9.965881374315274099e-01
1.007025500280120722e+00
1.015503258321286406e+00
1.021763793198344317e+00
1.025252457919808124e+00
1.008441709254102481e+00
9.557287324707670617e-01
8.622038004728409533e-01
