1.445831694474278839e+00
1.552296832137658456e+00
1.649802362582065696e+00
1.575891444179261747e+00
1.288247739022164939e+00
1.040539376238038827e+00
9.467060653434133943e-01
9.360585945104872296e-01
9.463878317736226231e-01
9.592621011654214325e-01
9.721279218522244081e-01
9.846736114376176685e-01
9.964518888431127541e-01
1.006876528535094018e+00
1.015376559446949489e+00
1.021754883924133050e+00
1.025321243275710614e+00
1.005748614221312121e+00
9.546465913910411327e-01
8.558736796283982207e-01
