1.311108024491811630e+00
1.301597895369307922e+00
1.284315885805232593e+00
1.219568058713432102e+00
1.161430360520630201e+00
1.123772997249734118e+00
1.102797511335573688e+00
1.087269358584618484e+00
1.073192964119549897e+00
1.060034319604107989e+00
1.045631020769542285e+00
1.030944256011536275e+00
1.017350723288236392e+00
1.000595405398408300e+00
9.779599738819935162e-01
9.476588681683125737e-01
9.104460149519507661e-01
8.696433861497863127e-01
8.301945807421170498e-01
7.975495064112426702e-01
