1.277239253712449951e+00
1.238784663658010876e+00
1.206378543735478148e+00
1.164282648883385507e+00
1.124623958069638885e+00
1.098311164884142377e+00
1.083557286754621041e+00
1.073993755445540543e+00
1.062692240519514053e+00
1.051555375118106817e+00
1.038443104333999223e+00
1.024387839293367408e+00
1.011283432456177689e+00
9.955444909051902602e-01
9.738983886554481995e-01
9.447481882962461830e-01
9.084496511140525143e-01
8.679481184289387086e-01
8.282846361846838423e-01
7.951005713524601504e-01
