1.223370376681256921e+00
1.174222240329108935e+00
1.125833578933871371e+00
1.088741771086704002e+00
1.063955500006638299e+00
1.050289309203372712e+00
1.044555751053632964e+00
1.041578953558397469e+00
1.036149342557908248e+00
1.030445012127897852e+00
1.022308723674574482e+00
1.011808798825443390e+00
9.995276949123095278e-01
9.841544147838556800e-01
9.623350518324560454e-01
9.337609464494998068e-01
8.991295451244347703e-01
8.607681314138556639e-01
8.226517634999472861e-01
7.900340001174510629e-01
