1.180677039911267823e+00
1.128448701106785190e+00
1.080163577878264336e+00
1.046092545062794255e+00
1.026118557425914624e+00
1.017412162627037819e+00
1.016771267322337913e+00
1.019557984841821252e+00
1.018197708405931712e+00
1.015800007040351893e+00
1.010340665021143280e+00
1.001733387252768726e+00
9.903738087151034986e-01
9.765170636742935839e-01
9.563567601598834678e-01
9.292575166990522106e-01
8.961660564917015570e-01
8.588699580576467651e-01
8.209331005409781223e-01
7.878534136352223216e-01
