1.548142145221525823e+00
1.623019282231948024e+00
1.698033496817611399e+00
1.758117167497506017e+00
1.713926961439205421e+00
1.560847766001491443e+00
1.376566740111063503e+00
1.206799173063714647e+00
1.099095364126309482e+00
1.044431606276102542e+00
1.022409287046888160e+00
1.018738774563138438e+00
1.024152477437828335e+00
1.024796015864046339e+00
1.013202810272140431e+00
9.961529390916570303e-01
9.875011892444178763e-01
9.832260153082412746e-01
9.736510931673917346e-01
9.423591687972505682e-01
