1.466278798975187314e+00
1.556146439407298576e+00
1.626492099166573224e+00
1.699145104073197299e+00
1.698778848927195551e+00
1.571607117410696475e+00
1.386465159510070322e+00
1.207312967014920524e+00
1.086740997724351843e+00
1.022538471632307822e+00
9.949080682354042304e-01
9.896077417128238407e-01
9.970874308053817581e-01
1.003663952845185836e+00
9.975910967137292529e-01
9.827940720883855397e-01
9.755462938800041339e-01
9.732818394854497734e-01
9.663693541702385037e-01
9.387502613819357355e-01
