1.323133301301215869e+00
1.454361337989507952e+00
1.516242054238406078e+00
1.591199799015108773e+00
1.642638933509922294e+00
1.576888214534468480e+00
1.407921522031157613e+00
1.221017831657517760e+00
1.078323562962316684e+00
9.979063529606869709e-01
9.585037530395783545e-01
9.473778390876538280e-01
9.541545868017419219e-01
9.687358445952980457e-01
9.724948340642840527e-01
9.622785498909571800e-01
9.564620191191002263e-01
9.571480735431966425e-01
9.543183865487792072e-01
9.328837043130214779e-01
