1.276073798325966457e+00
1.330101048496571181e+00
1.424946402911564824e+00
1.486784507397245214e+00
1.554079435991086999e+00
1.553017228845042563e+00
1.431203859701528636e+00
1.255838398020257429e+00
1.105433649386915906e+00
1.011023298312224927e+00
9.595988672818764886e-01
9.394791296635532918e-01
9.408511303471006615e-01
9.537260273044487757e-01
9.606732563462567764e-01
9.529479161455902680e-01
9.478321941436733677e-01
9.499189485819732326e-01
9.486571793201009628e-01
9.299633344863337259e-01
