1.250499250911570659e+00
1.241778748710213875e+00
1.369238469867763097e+00
1.426626026436947470e+00
1.494463813167630439e+00
1.520667611235678951e+00
1.429746169355929020e+00
1.264824967408497480e+00
1.111047676703846854e+00
1.006441332760058316e+00
9.467138368265582971e-01
9.204930646195250699e-01
9.188221588765123071e-01
9.321321517164729009e-01
9.447087298909586650e-01
9.412370082553217498e-01
9.362455633496045149e-01
9.397454996828040752e-01
9.408084633068541924e-01
9.263856318889573949e-01
