1.240080779325553273e+00
1.222118342865547547e+00
1.331962784487816798e+00
1.385311609799230625e+00
1.443263869425813528e+00
1.479619294051431444e+00
1.421796472101913178e+00
1.281830042914319012e+00
1.138451127375763150e+00
1.034638378934960024e+00
9.724226458140508011e-01
9.425402199738388553e-01
9.365176186251978896e-01
9.438324020340992382e-01
9.515444320528156918e-01
9.454911525121226790e-01
9.409857005982916744e-01
9.441482266474554574e-01
9.440143589641663002e-01
9.276664533686416192e-01
