1.333494154570137313e+00
1.480767604612936328e+00
1.566152094373169934e+00
1.662976089955203740e+00
1.675438287573796314e+00
1.512395669481499061e+00
1.288729647107110354e+00
1.090374267803142061e+00
9.400759392481553567e-01
8.854321306993633289e-01
8.566553264824298131e-01
8.454233562539201774e-01
8.450828025201322369e-01
8.821041165047774912e-01
9.283689200115816664e-01
9.556955125542455631e-01
9.270218359824835552e-01
8.900598080378295807e-01
8.760742509032386494e-01
8.511136746460788993e-01
