1.301539112876528126e+00
1.427463001192951442e+00
1.513621983523926628e+00
1.611887040748970268e+00
1.659137982263879207e+00
1.534757144248447336e+00
1.315600114809793997e+00
1.108059311617552778e+00
9.460228639937413586e-01
8.771038752377103842e-01
8.481409353304877330e-01
8.364558159113829605e-01
8.328353270196197089e-01
8.645928822839520356e-01
9.117525752319395327e-01
9.448698509246179489e-01
9.220645706422249122e-01
8.838973853315266194e-01
8.704240070618254332e-01
8.469842927153350409e-01
