1.279085214693504557e+00
1.365531813408390249e+00
1.469822512896705735e+00
1.566286409512247291e+00
1.635972456236248096e+00
1.549161476004396354e+00
1.339992946490746073e+00
1.126389814049512328e+00
9.542267985541743602e-01
8.702360944413579658e-01
8.420302538453621199e-01
8.289172519408368744e-01
8.250223897727967381e-01
8.504171699291254161e-01
8.978204272765654137e-01
9.354196250223615339e-01
9.181378248806997266e-01
8.788773095042862193e-01
8.657013648022187091e-01
8.436103361201259254e-01
