1.554808744803288345e+00
1.712144020121638022e+00
1.505752933748758071e+00
1.146083999033130185e+00
1.035649954092457747e+00
1.037420567625608747e+00
1.040111517488883308e+00
1.042774638987696623e+00
1.045422623821154584e+00
1.048047969280739400e+00
1.050642342390113004e+00
1.053196943322195045e+00
1.055702494680065051e+00
1.058137005046537293e+00
1.060522891189475292e+00
1.081430587950897859e+00
1.183716142984903907e+00
1.278390828157784043e+00
1.339579592108409933e+00
1.281194312242120326e+00
