1.262484665344758117e+00
1.296888499908094960e+00
1.438058746186602788e+00
1.532842181152938021e+00
1.613430388625102019e+00
1.549394475350752698e+00
1.347071263984851219e+00
1.129075926934243412e+00
9.511956294230188291e-01
8.622233451810392690e-01
8.351505009001323199e-01
8.218474283426059346e-01
8.177339018824401062e-01
8.367697591276905822e-01
8.848379059473592267e-01
9.262583223982341352e-01
9.143484227955156474e-01
8.741398935992508168e-01
8.611598711207018031e-01
8.404286416073782906e-01
