1.247410348490233467e+00
1.255398011576825068e+00
1.405268907767358577e+00
1.497327386673452665e+00
1.587336351204348350e+00
1.553980750735606486e+00
1.367370666458660011e+00
1.147836767581328576e+00
9.638763684782077901e-01
8.581678344888772347e-01
8.313445054163556280e-01
8.165731862322395118e-01
8.125873410752586512e-01
8.273565513062058896e-01
8.754703191076707025e-01
9.195043661808087743e-01
9.121738286911890148e-01
8.712365370252722618e-01
8.582456421743522856e-01
8.384774753134587311e-01
