1.234075916742802814e+00
1.233795207300535601e+00
1.373863542666873272e+00
1.464041173301763754e+00
1.559432949794843148e+00
1.555860511036990523e+00
1.390542314053018202e+00
1.172589430711532987e+00
9.829391363441739582e-01
8.560216466760360854e-01
8.291038239472122706e-01
8.124335360380019466e-01
8.088030996315779264e-01
8.206240446555063128e-01
8.683689273135251074e-01
9.142246265833001706e-01
9.108902485077250422e-01
8.694223744681205401e-01
8.562933691063531194e-01
8.373310370160451654e-01
