1.412679800842119526e+00
1.554187753800521543e+00
1.652423255223317344e+00
1.732557806446430870e+00
1.637438138535013410e+00
1.397478528727732483e+00
1.169833048044201185e+00
9.974906523137615499e-01
9.369756815773259140e-01
9.157947232941470173e-01
9.134689452662081433e-01
9.089858345270601658e-01
9.002269248532572821e-01
9.003863329210471944e-01
9.422680754784449331e-01
9.719278451488708725e-01
8.917416695516511282e-01
7.862158259377696190e-01
7.723013087098933305e-01
7.450054533845614779e-01
