1.248191269844934226e+00
1.271662555174807308e+00
1.424857451488418025e+00
1.529361270383783111e+00
1.612879879740876987e+00
1.532026557022124758e+00
1.307184819468977022e+00
1.080610552564786664e+00
9.078770815184862286e-01
8.634261653360066902e-01
8.514603053908452734e-01
8.549354028560822716e-01
8.555274978900869742e-01
8.534050664155057309e-01
8.725485188727127861e-01
9.214215710265930559e-01
8.925884916863701113e-01
7.628457694755721441e-01
7.470768037392334637e-01
7.207422514568273542e-01
