1.546999194423078539e+00
1.705179073139958534e+00
1.515708534884920633e+00
1.152925483419995345e+00
1.034029998542574047e+00
1.035355970967926087e+00
1.038090401364946125e+00
1.040797670666709696e+00
1.043488310335061620e+00
1.046155555611325561e+00
1.048790886192218164e+00
1.051385733221261720e+00
1.053930854051106536e+00
1.056405202227178375e+00
1.058827580015810454e+00
1.077695228582641551e+00
1.177979738605975601e+00
1.271715226145128330e+00
1.335424155812497293e+00
1.278349175384669856e+00
