1.200507975157421470e+00
1.215781954375378282e+00
1.317688475830752992e+00
1.430126684322267971e+00
1.534313163698884708e+00
1.545275870108169469e+00
1.377323423815046244e+00
1.146660200250328998e+00
9.486878753912063589e-01
8.497724238576054301e-01
8.281319502218608131e-01
8.309669723480670456e-01
8.345164435449164975e-01
8.363274603104560168e-01
8.469600625388523651e-01
8.984223111435535314e-01
8.888444897746984319e-01
7.539265394275672660e-01
7.357321800045478755e-01
7.112238826112147194e-01
