1.337062774177232294e+00
1.486268412976498254e+00
1.589220864813190470e+00
1.688485909109960881e+00
1.632626453266342814e+00
1.388063415102714249e+00
1.141442374967041706e+00
9.649186525173082396e-01
9.238820094401301031e-01
9.184808886263338135e-01
9.240181966798360902e-01
9.301377890173859742e-01
9.383459853197319012e-01
9.534967401007891086e-01
9.819946029037937008e-01
1.048034250702259751e+00
1.042978801892455731e+00
7.565611396653120213e-01
7.146262842082511391e-01
7.149852597075566640e-01
