1.292821406896210945e+00
1.403937463674331587e+00
1.517235549977422826e+00
1.627215106627309504e+00
1.643551027622370597e+00
1.446557882572363063e+00
1.191154616104372010e+00
9.908629592777290496e-01
9.143040194158708056e-01
9.005373000555813023e-01
9.088185545889485573e-01
9.171575024434485135e-01
9.266893394369901671e-01
9.418218199735137741e-01
9.690520979549961389e-01
1.027149888279276668e+00
1.033336612857737258e+00
7.491951205241556000e-01
7.056702433487498372e-01
7.057412477020663655e-01
