1.177243338164231323e+00
1.214581518848890429e+00
1.266800110575941662e+00
1.419558927377620794e+00
1.531839403587122339e+00
1.551249331303257373e+00
1.366002693923611622e+00
1.113947076714354223e+00
9.152127294320173689e-01
8.574500631694184083e-01
8.546684702044841098e-01
8.710443778139366211e-01
8.866864395273392763e-01
9.039970088954301097e-01
9.294732707474974154e-01
9.615788989220892535e-01
9.861954602504636735e-01
7.229556577152285168e-01
6.723772646132385455e-01
6.736140315892906738e-01
