6.371373267652792327e-01
6.418949927815806866e-01
6.466843077160326914e-01
6.515532297988857469e-01
6.565170470232184474e-01
6.615789337786373014e-01
6.667309926673372633e-01
6.719447297075629155e-01
6.771339625304587662e-01
6.820421351828882539e-01
6.847069599055835010e-01
6.507371919866788978e-01
6.236989001466762828e-01
6.079802252755178715e-01
6.222450658005043156e-01
6.029991636590610327e-01
5.875810489144892568e-01
5.979465104586092483e-01
5.632599938095677050e-01
5.574289227762632137e-01
