5.906786357446259794e-01
5.945928144101270130e-01
5.985709076478140656e-01
6.026213756105402997e-01
6.067472053487681372e-01
6.109485865266778282e-01
6.152229031870294351e-01
6.195616967934087782e-01
6.239379911364681952e-01
6.282748939650255604e-01
6.323429424982860425e-01
6.218475642623498834e-01
6.244555717379103310e-01
5.558860206796936154e-01
5.967680184944421651e-01
5.622949126050822422e-01
5.356536087711925020e-01
5.586271039281234252e-01
4.709007783029723337e-01
4.988838015785818647e-01
