6.674213531256401044e-01
6.775823539024951048e-01
6.879017461082950202e-01
6.984695293724090259e-01
7.093388229351036411e-01
7.205527712536829998e-01
7.321497766643044747e-01
7.441604239289303369e-01
7.565753809936921481e-01
7.692449393796715329e-01
7.815568740655334246e-01
7.747749850715995867e-01
7.504294916047550279e-01
7.352700158396797692e-01
7.311545986150395082e-01
7.283424461949650208e-01
7.167963021007853763e-01
6.930683515373856629e-01
6.551092491050256594e-01
6.061252129773854191e-01
