6.083838406941908250e-01
6.167127297140668762e-01
6.252404176967587546e-01
6.339881478763758071e-01
6.429733169410807303e-01
6.522119269260029384e-01
6.617206479232984329e-01
6.715165588806681907e-01
6.816154829267172532e-01
6.920240573534409689e-01
7.027148150853905761e-01
7.135479818066461366e-01
7.240314787628658877e-01
7.092560729225515503e-01
6.893216509216577581e-01
6.606901479834181856e-01
6.419708860989069565e-01
6.250340400880237679e-01
5.917370010675540026e-01
5.015040432594155551e-01
