6.029672741744456221e-01
6.110203868631975954e-01
6.192717857673275539e-01
6.277376684514501815e-01
6.364329582343282166e-01
6.453727159041369177e-01
6.545718733654661836e-01
6.640461029715143404e-01
6.738090477371339038e-01
6.838642770579868024e-01
6.941796540992832831e-01
7.046072302637305107e-01
7.146378145382803471e-01
6.950995945337060666e-01
6.664509684573042270e-01
6.516871082050370578e-01
6.432751823796702961e-01
6.210850983234923461e-01
5.859210024036896058e-01
5.220260577094817389e-01
