5.939709132711299411e-01
6.017647104987460249e-01
6.097585938867764455e-01
6.179627249166150804e-01
6.263893709275698551e-01
6.350510845859074216e-01
6.439613586924017863e-01
6.531342161841773297e-01
6.625829968389804758e-01
6.723155651897533280e-01
6.823182334267088311e-01
6.925076525482586343e-01
7.025813991593061747e-01
6.978365610050385470e-01
6.842093292745099475e-01
6.443051086466475841e-01
6.199990111687936345e-01
6.003243177561990995e-01
5.660807454729060995e-01
4.744799433493249730e-01
