1.527389015509198034e+00
1.688138422497046598e+00
1.541581795580249770e+00
1.174221613735254355e+00
1.031278736198583790e+00
1.031114921711378640e+00
1.033933762133497858e+00
1.036727572114397367e+00
1.039501079432436637e+00
1.042249653860014558e+00
1.045000551047940984e+00
1.047717144929028343e+00
1.050338849235198824e+00
1.052808566504230381e+00
1.055304136766704204e+00
1.071951194823310249e+00
1.165501885946401917e+00
1.257237342907755684e+00
1.326650235113865595e+00
1.273432427007624046e+00
