6.885102635068525156e-01
7.044360214287228583e-01
7.214645900404031975e-01
7.398851534968843291e-01
7.600179808898559486e-01
7.822497309386862163e-01
8.070576529355197870e-01
8.349086585921682291e-01
8.653881876996251110e-01
8.506663398118620156e-01
8.461356218627343884e-01
8.511231669112919729e-01
8.623286667270421146e-01
8.753629512115369549e-01
8.871652140139233422e-01
8.930269990257687640e-01
8.771181725340191360e-01
8.350657807989708692e-01
7.816702993301568592e-01
7.270513560302988010e-01
