6.572339267350607583e-01
6.714695430979481516e-01
6.866805393583490513e-01
7.030498033602454733e-01
7.207834198587454999e-01
7.401302132979099557e-01
7.614049542492676848e-01
7.849805611066659194e-01
8.112037401781246881e-01
8.398905808490022551e-01
8.233718510113522404e-01
8.162611335248508571e-01
8.226525197213913065e-01
8.371869297926505249e-01
8.518857751135483491e-01
8.647050274301570916e-01
8.605625130242243737e-01
8.199919541887057406e-01
7.583644454476213825e-01
6.981402005370533903e-01
