1.534260399439203226e+00
1.690983562811701146e+00
1.530299232655704555e+00
1.165589199724661240e+00
1.030295742836384365e+00
1.030619872576396645e+00
1.033449535001793151e+00
1.036253197263496517e+00
1.039037613482125533e+00
1.041819336285428221e+00
1.044597205014050845e+00
1.047322730108174227e+00
1.049944718070144667e+00
1.052401032491140143e+00
1.054911309080888593e+00
1.073154096857598105e+00
1.169822216852034913e+00
1.260397891606801934e+00
1.326578206629930090e+00
1.273075739537219198e+00
