8.435524537457810279e-01
8.845596275022302724e-01
9.339112890998174654e-01
9.907024796702255109e-01
9.935816134811608080e-01
1.003292659808606269e+00
1.015151017693659785e+00
1.035654692258311194e+00
1.089557181375695905e+00
1.135568851958463688e+00
1.174387934256770016e+00
1.168221210437486057e+00
1.109187913816252369e+00
1.042712890067919673e+00
9.877060891558933076e-01
9.426500219184885676e-01
9.084911786390943433e-01
8.901080167685724298e-01
8.724396872357201849e-01
8.501539586125869130e-01
