7.566739661913594039e-01
7.863162113308350687e-01
8.213545046857777532e-01
8.641803924492665878e-01
9.164184356306691592e-01
9.441406494599745569e-01
9.526493007531587898e-01
9.711043221420272431e-01
9.955783586369481020e-01
1.049526353334626849e+00
1.100636318875642505e+00
1.133262349769953214e+00
1.106211634122439502e+00
1.037625022827169285e+00
9.718135030020033094e-01
9.196895253678301074e-01
8.790245169855458451e-01
8.547063376762710218e-01
8.359163305285397527e-01
8.151707032115824703e-01
