7.420724868753687531e-01
7.700463418947732785e-01
8.029890029639956683e-01
8.430361214307130480e-01
8.926872324004549997e-01
9.487267079649830404e-01
9.454175462725451506e-01
9.629856797162406057e-01
9.861687532037299864e-01
1.037986649867092215e+00
1.093759353212398144e+00
1.130150069235609900e+00
1.106243227321492162e+00
1.033593889198077154e+00
9.634233228546220662e-01
9.098535906432615450e-01
8.677014299871110836e-01
8.421875748422100738e-01
8.230303005770472913e-01
8.032118198114115426e-01
