7.251807619937472582e-01
7.512191029228595385e-01
7.816272484268027565e-01
8.181062433941793666e-01
8.630965086911956963e-01
9.155997342198629596e-01
9.235649305823747657e-01
9.392543276183648038e-01
9.619162445049247445e-01
9.952476640563611143e-01
1.051790656335822582e+00
1.094567338980159565e+00
1.097142253197708861e+00
1.039983099437672198e+00
9.711504994591689810e-01
9.150353411806566584e-01
8.703288195426863716e-01
8.425259888246181550e-01
8.202506522160913915e-01
7.989698587783583550e-01
