7.167553726071782538e-01
7.417903192434561754e-01
7.708666487840857284e-01
8.054593580510890360e-01
8.476690738127884428e-01
8.988182577870463819e-01
9.178628483868230825e-01
9.281221624702297168e-01
9.492001677041498331e-01
9.779048364308818853e-01
1.026698848705961842e+00
1.070424509601184848e+00
1.085062499923181933e+00
1.040009390529863964e+00
9.744108661663805071e-01
9.165909442742377067e-01
8.703935137091107777e-01
8.409881259420947108e-01
8.158419084363653928e-01
7.934673856156875260e-01
