1.052676016195566389e+00
1.117631195690314438e+00
1.125898484729389359e+00
1.134522459530902694e+00
1.301911290153733081e+00
1.438108051676211252e+00
1.600482519108248569e+00
1.603142056363449974e+00
1.414570927114584764e+00
1.195934112760947299e+00
1.037544772938717497e+00
9.369691322250627286e-01
8.805171305974234253e-01
8.838339824942647027e-01
9.085761435291348498e-01
9.337602960238154948e-01
9.264574539309022860e-01
8.748795875624673091e-01
8.352917262007263366e-01
7.957936440454831395e-01
