8.612145396529007346e-01
9.231829343095718787e-01
9.997045301603452172e-01
1.028891871845955430e+00
1.056133736348515040e+00
1.087202009377362444e+00
1.289123646628154152e+00
1.467254493756185330e+00
1.522584054254175312e+00
1.338576924168115578e+00
1.109896955106845384e+00
9.486403253604769326e-01
8.534917489911435506e-01
8.232458289080399894e-01
8.419450867677279460e-01
8.796040355834001678e-01
8.936558618429953915e-01
8.484698477792627092e-01
8.077913685662837517e-01
7.689482380010712603e-01
