7.440002140824589771e-01
7.823935148198993828e-01
8.313144997158954386e-01
8.960761614145720255e-01
9.762566907796006443e-01
9.908991492297207770e-01
1.023654024120446149e+00
1.134823668394442375e+00
1.306806483347146663e+00
1.410162838129729979e+00
1.269604799824975094e+00
1.045802614857681334e+00
8.849894929977003555e-01
7.986782502152134366e-01
7.840463678962824590e-01
8.107323265739995177e-01
8.463141446433525283e-01
8.180482134265789629e-01
7.783337347729750721e-01
7.411726492894766816e-01
