7.401099220572352477e-01
7.781877069257594481e-01
8.269963764152333807e-01
8.921182488644735509e-01
9.729396438768594946e-01
9.876625657073236919e-01
1.020597045752280607e+00
1.160459849178463010e+00
1.328345449367435815e+00
1.391438134585798014e+00
1.204482884221504513e+00
9.799705123757723735e-01
8.341983929981640067e-01
7.855442965829745328e-01
7.754337244510243199e-01
7.956342615675379148e-01
8.350233288323504199e-01
8.118205179948179140e-01
7.734852565249170642e-01
7.383118985973177173e-01
