1.146370894871076462e+00
9.453444355826972068e-01
9.192975321808135591e-01
9.065218132787252747e-01
9.022079946482948198e-01
9.043426789854374093e-01
9.105314523200254140e-01
9.183185014710129046e-01
9.245188486933086924e-01
9.237631459998359995e-01
9.229502761794881049e-01
9.223503780770626603e-01
9.219924005368270725e-01
9.219210516811319200e-01
9.221674649820813530e-01
9.228185698921166358e-01
9.238954089195773323e-01
9.100310152361004157e-01
8.330207717642371668e-01
5.717162627412284426e-01
