1.199577932387327017e+00
9.656462570945569812e-01
9.190651122176940468e-01
9.056793691228806065e-01
9.019320812301461210e-01
9.060002272797177403e-01
9.156080297354886044e-01
9.271930389421171315e-01
9.366687205578952957e-01
9.355265330702412507e-01
9.339684521888722557e-01
9.324100067273496384e-01
9.309196672446911069e-01
9.296038439545496468e-01
9.285549282464516940e-01
9.279369390459473177e-01
9.276411598163943895e-01
9.062797977005531136e-01
8.383019255603590958e-01
5.747080820514726129e-01
