1.225619317229286631e+00
9.785113605244283308e-01
9.191393567777522700e-01
9.055703453917486323e-01
9.022158259654388113e-01
9.074361124025025482e-01
9.189473000561803051e-01
9.322238743836169794e-01
9.428461909571718147e-01
9.417177346512790592e-01
9.400341533012869233e-01
9.382340096094015092e-01
9.363823194824684171e-01
9.345981915870178458e-01
9.329985867121941556e-01
9.317850542676423542e-01
9.307913552015012471e-01
9.056469353381118026e-01
8.431913362693893577e-01
5.837282620926783627e-01
