1.236134439090574411e+00
9.841638852563046047e-01
9.192694658586129108e-01
9.056344004884120391e-01
9.024358198276590803e-01
9.081033801882998358e-01
9.203261763883979762e-01
9.341574019131171358e-01
9.450899545335422758e-01
9.440907894514125598e-01
9.424096743747396587e-01
9.405703620747249971e-01
9.386352801539226132e-01
9.367222411847474506e-01
9.349525787001407018e-01
9.335386107470518002e-01
9.322905367523151021e-01
9.056724634063364476e-01
8.457535220608097815e-01
5.903980543637695755e-01
