1.117505297842159351e+00
9.261345927598020333e-01
8.976835036439811955e-01
8.785016680084661855e-01
8.658482277563398499e-01
8.571580400585486759e-01
8.504335070338687741e-01
8.447431152675221044e-01
8.406107063567650473e-01
8.376873740820869330e-01
8.357134975369312491e-01
8.345358252359283968e-01
8.340370600267877910e-01
8.341282805555507718e-01
8.347408177961412878e-01
8.358213343477527424e-01
8.373301117983584785e-01
8.392338666288376992e-01
8.412693582941310755e-01
8.231381404569239058e-01
