1.130663561727393240e+00
9.261733603281572247e-01
8.973566395224408243e-01
8.780709900356590270e-01
8.654380925996255636e-01
8.568883516428771330e-01
8.503187359198073336e-01
8.445893070952967818e-01
8.400479796672454258e-01
8.367806016432008942e-01
8.345194477554204182e-01
8.330989475228279817e-01
8.323946596791671482e-01
8.323123410068913319e-01
8.327796809008425338e-01
8.337405026304061106e-01
8.351531758175665399e-01
8.369809370127663239e-01
8.388908770685054028e-01
8.235445637676784836e-01
