1.531742076511304118e+00
1.706591412003764408e+00
1.514615415269661369e+00
1.151494656217354695e+00
1.049401249620368848e+00
1.054045370425141570e+00
1.058647131364259586e+00
1.062968518393549999e+00
1.066949383810751550e+00
1.070488092868684182e+00
1.073467237226977788e+00
1.075749873735260431e+00
1.077160950176798693e+00
1.077445658559020636e+00
1.076323203915484195e+00
1.073980673377018302e+00
1.071365778978599526e+00
1.093031642937505765e+00
1.196344309056009969e+00
1.271978691019117980e+00
