1.173202216605267800e+00
9.333125889440597733e-01
8.964356699322564292e-01
8.770420789478015067e-01
8.647646683002362389e-01
8.570356055270583751e-01
8.514083286747753387e-01
8.459644672482523609e-01
8.399142740956966335e-01
8.354510473888019373e-01
8.322384080140652340e-01
8.300390981769986132e-01
8.286899228502784265e-01
8.280719544900366769e-01
8.280955993392965508e-01
8.286927562338016751e-01
8.298144035272312369e-01
8.314105557965817406e-01
8.329091510534549769e-01
8.256311726082644631e-01
