1.065449174179029068e+00
9.080514816067734030e-01
8.767705261113418747e-01
8.540197469836164901e-01
8.374549745224647568e-01
8.247756883350291224e-01
8.146501107202236414e-01
8.103347739426438601e-01
8.076246245831100179e-01
8.060226870701819868e-01
8.053208756635841237e-01
8.053541437530585823e-01
8.060000933232839282e-01
8.071665343003141535e-01
8.087823755285445948e-01
8.107920793944725091e-01
8.131522690983755686e-01
8.158297974969017652e-01
8.188038431720846555e-01
8.220698353369224609e-01
