1.109641744565675214e+00
9.082375101069840584e-01
8.760375093341707942e-01
8.528232629981924440e-01
8.361426726549353594e-01
8.234765530826333446e-01
8.132190869077499107e-01
8.076437231311121012e-01
8.040361140380135607e-01
8.017241351616472000e-01
8.004420267350008666e-01
7.999989787379629957e-01
8.002549789746554731e-01
8.011057510014129024e-01
8.024711937316554300e-01
8.042889370618018230e-01
8.065108129210357690e-01
8.091006734797187017e-01
8.120377471094628596e-01
8.153233210368308059e-01
