1.116914191956281499e+00
9.082580415476906310e-01
8.759550238654508769e-01
8.526868780004871473e-01
8.359827211290510318e-01
8.233099590735324380e-01
8.130363647276198646e-01
8.073159310298158031e-01
8.035905836224906951e-01
8.011785860428143335e-01
7.998115155982995494e-01
7.992969857833024383e-01
7.994934174699078744e-01
8.002950827786144972e-01
8.016207518160017864e-01
8.034072632332520669e-01
8.056058306785874867e-01
8.081796580177501577e-01
8.111080237503798251e-01
8.143934083289086079e-01
