1.518692065508107536e+00
1.696011927448108469e+00
1.526683498194592703e+00
1.161026029310131991e+00
1.046635186136354090e+00
1.051423895205404246e+00
1.056118280256086228e+00
1.060525266014403556e+00
1.064586971157180706e+00
1.068202228003477305e+00
1.071253922912684287e+00
1.073604396886062684e+00
1.075077241133105321e+00
1.075415236204282365e+00
1.074334263896122632e+00
1.071998052232627341e+00
1.069307442884506631e+00
1.087965322370420207e+00
1.188592603683463977e+00
1.266741119031985718e+00
