9.920065215943555392e-01
8.902364538299188945e-01
8.574217777616716107e-01
8.329212262089805696e-01
8.145859352340393267e-01
8.004646807200416214e-01
7.931680781953348580e-01
7.903057399735974320e-01
7.887849376908512289e-01
7.882280272746716721e-01
7.884365157362295262e-01
7.892588090732606254e-01
7.905837740522164703e-01
7.923286990400428831e-01
7.944305100242419204e-01
7.968404968969816649e-01
7.995204545011677100e-01
8.024410870624494319e-01
8.055785589040409533e-01
8.089502594224067256e-01
