1.026484420882192605e+00
8.910943291779932496e-01
8.573076016542392486e-01
8.321761533949099121e-01
8.134723197309703391e-01
7.990756602203491488e-01
7.910447924497032712e-01
7.876403466453905100e-01
7.856888839972616667e-01
7.847829194437513367e-01
7.847099961718939642e-01
7.853081858475347010e-01
7.864585692630748914e-01
7.880726618724258614e-01
7.900824535622610334e-01
7.924358078338353817e-01
7.950915435468121073e-01
7.980185990662002071e-01
8.011943661222311608e-01
8.046337708378784592e-01
