1.066221895229005678e+00
8.915703613192721422e-01
8.570904660530721531e-01
8.315868448071390695e-01
8.127253269118305257e-01
7.982164827930943174e-01
7.894152291049268966e-01
7.853317116564066946e-01
7.828665587043149854e-01
7.815569942222958533e-01
7.811637793455068479e-01
7.815084184740016537e-01
7.824610213326446129e-01
7.839247424007635967e-01
7.858263319112455125e-01
7.881083702879843056e-01
7.907272416545831906e-01
7.936494180577542412e-01
7.968544288726244762e-01
8.003554490447013503e-01
