9.595881484039953113e-01
8.739208089079515407e-01
8.389775774556410548e-01
8.128216557143722598e-01
7.930906652212996732e-01
7.782676234281752370e-01
7.738401806632472235e-01
7.713303414126484459e-01
7.699920047852555349e-01
7.695634106831397148e-01
7.698404594043551930e-01
7.706794310825992866e-01
7.719772168051556305e-01
7.736557751875360323e-01
7.756564616099557163e-01
7.779336721146969946e-01
7.804505396711463039e-01
7.831763835004014185e-01
7.860726000021529547e-01
7.892085320710072738e-01
