9.738174368334273634e-01
8.741660545024203532e-01
8.388624628032200770e-01
8.124825077074405710e-01
7.926466733314321278e-01
7.776141377386962539e-01
7.729309080007192856e-01
7.702339773424117242e-01
7.687576289951358888e-01
7.682286252688130812e-01
7.684361000006589837e-01
7.692315749336072761e-01
7.705092654030513133e-01
7.721901929841599177e-01
7.742119059539906978e-01
7.765276695866675238e-01
7.790995297855798363e-01
7.818963016266086141e-01
7.848824419801188057e-01
7.881187840915168108e-01
