9.973079663368256131e-01
8.745114205097275217e-01
8.388261149383237081e-01
8.121708439341253083e-01
7.922334668166064464e-01
7.769359267135788061e-01
7.718653345354203887e-01
7.688933126197866619e-01
7.672189516970076006e-01
7.665488903074119120e-01
7.666603677164901542e-01
7.673973400983075122e-01
7.686488693363080493e-01
7.703328927505270762e-01
7.723870113336348542e-01
7.747602667005951682e-01
7.774106525228053899e-01
7.803081033395370403e-01
7.834209448069239246e-01
7.867971048991044825e-01
