1.014321679583495950e+00
8.747506751214579879e-01
8.388372781309703097e-01
8.120146255223062992e-01
7.920284649432535184e-01
7.766855217091143126e-01
7.712204047909783089e-01
7.680422340082972976e-01
7.662247806347569634e-01
7.654527248403640849e-01
7.654944615043023370e-01
7.661883216350164894e-01
7.674189444397551130e-01
7.691017046250693268e-01
7.711719974161067581e-01
7.735795135330368888e-01
7.762834043649911031e-01
7.792463001595651972e-01
7.824420971852232842e-01
7.859103954060477903e-01
