1.510290245098445894e+00
1.210058416514829815e+00
1.021029635370314326e+00
9.773671083963693107e-01
9.638491200417833582e-01
9.547538045816909014e-01
9.485086733583480978e-01
9.441342946431716676e-01
9.411318725683643915e-01
9.391794998602300826e-01
9.394235284579969258e-01
9.405546900353373152e-01
9.418031860677107403e-01
9.430592288455915684e-01
9.489878211272396724e-01
1.006037116287110234e+00
6.430741781317512729e-01
5.366394307471493708e-01
5.433362629569287172e-01
5.337677208312432420e-01
