1.533168125814279081e+00
1.242444550818939675e+00
1.039087355276273605e+00
9.762193737348781042e-01
9.619085032675318558e-01
9.522285475463820870e-01
9.455450126114193221e-01
9.408463292269170219e-01
9.375918584960760693e-01
9.354449270161827590e-01
9.354564870958957945e-01
9.365721522834794532e-01
9.378172267478244173e-01
9.391062832204505328e-01
9.457674084457227126e-01
9.997068866365667050e-01
6.436075322076770799e-01
5.333184084570907757e-01
5.380092896041714923e-01
5.286682277892127413e-01
