1.545141038753567564e+00
1.262636943717577287e+00
1.050240454408057245e+00
9.748585966820373372e-01
9.599700775276741593e-01
9.498469255910156894e-01
9.428220476660104099e-01
9.378656063731337644e-01
9.344101645886765395e-01
9.321096758681851613e-01
9.319908246330314006e-01
9.331058408459662612e-01
9.343611138670474547e-01
9.356913706041477541e-01
9.428540855730770387e-01
9.941151962958862942e-01
6.470269614539172487e-01
5.305970682270571004e-01
5.333467662474813409e-01
5.243287634292397303e-01
