1.558883226765193530e+00
1.291655616236342841e+00
1.067208033638587850e+00
9.729573561010673721e-01
9.571627659247727848e-01
9.463315882167780968e-01
9.387574997381206154e-01
9.333850884594694364e-01
9.296050704738969550e-01
9.270556187445774254e-01
9.267153410290613902e-01
9.278289288530991996e-01
9.290998783926350812e-01
9.304937246427417152e-01
9.384380505677109019e-01
9.853158755006855563e-01
6.609750709150150616e-01
5.270449949492668207e-01
5.268632678320032126e-01
5.185764469438745028e-01
