1.498469949096555176e+00
1.679978501716837380e+00
1.542579315234283266e+00
1.176235575546130896e+00
1.043713652710384299e+00
1.047671402773546756e+00
1.052492250636652305e+00
1.057021261336990925e+00
1.061197589325735269e+00
1.064921587697018168e+00
1.068076147570577117e+00
1.070523008137814980e+00
1.072082326194655488e+00
1.072495972864587976e+00
1.071488805814136747e+00
1.069196133479980659e+00
1.066363992941252503e+00
1.080670690395467926e+00
1.176685244409715114e+00
1.259166234423885644e+00
