1.554243668760184827e+00
1.280180105862508189e+00
1.054938897804543529e+00
9.802342530375227625e-01
9.684701314716661624e-01
9.617249525401430077e-01
9.582226857143228971e-01
9.568058966912248442e-01
9.568571539115445779e-01
9.602802151820355459e-01
9.640958478896278772e-01
9.678813665761283325e-01
9.716309990924695272e-01
9.753330267005038134e-01
9.788830270595003658e-01
9.826823578552458249e-01
1.016800606870565948e+00
8.241726255800863044e-01
5.400631737063430471e-01
5.342596064951135038e-01
