1.563619327172143247e+00
1.307519399839355945e+00
1.072291364199764896e+00
9.794234036054231263e-01
9.668005505415931955e-01
9.594036802336091130e-01
9.554277180966573857e-01
9.536812607054068192e-01
9.534979866678364724e-01
9.567085401437908088e-01
9.605593073334359744e-01
9.643939536231369569e-01
9.681986702215749085e-01
9.719594376344684594e-01
9.756010276845540341e-01
9.804935703613212317e-01
1.012088994041382861e+00
8.529056826544912928e-01
5.390214944703836109e-01
5.293127283328835642e-01
