1.564856469984726273e+00
1.314034828876446070e+00
1.075892271287430813e+00
9.785827023760558241e-01
9.656794139183770831e-01
9.580645939702807645e-01
9.539259854855718368e-01
9.520660347853139305e-01
9.518047593074829837e-01
9.550109196489020569e-01
9.588871761587199893e-01
9.627524152364882459e-01
9.665922048503348130e-01
9.703906501389607531e-01
9.740876570547433166e-01
9.795840258217527463e-01
1.009730647622798738e+00
8.666843783984774507e-01
5.384925420821057296e-01
5.263469002598657465e-01
