1.489725323061346973e+00
1.673457999920972661e+00
1.549148670844059161e+00
1.183410362029395424e+00
1.042839885429965641e+00
1.046309492691237075e+00
1.051174314753186900e+00
1.055746613416707502e+00
1.059963499221597161e+00
1.063725792818805527e+00
1.066916633992265995e+00
1.069396885423173904e+00
1.070985537029713885e+00
1.071425071669823925e+00
1.070447556280126999e+00
1.068178648477271953e+00
1.065287077869257581e+00
1.078024844895976164e+00
1.172041854498234503e+00
1.256373476282688362e+00
