1.504592475915199179e+00
1.193606875991720662e+00
1.003019835542424909e+00
9.878968339360105766e-01
9.815388270907863255e-01
9.795480442118473796e-01
9.800437546677156497e-01
9.820026817407830899e-01
9.869905494086049780e-01
9.916078796750840141e-01
9.954732143648079568e-01
9.984162989380839237e-01
1.000188200138069305e+00
1.000434660367026662e+00
9.986401232801246364e-01
9.940665925077026843e-01
9.856821950689800271e-01
9.403495120791965922e-01
8.409777549700547805e-01
5.889073672517974867e-01
