1.523266719084898524e+00
1.221861763907929443e+00
1.016021826374694292e+00
9.865564468088061645e-01
9.795474613624147731e-01
9.771096991907575191e-01
9.773344832804365945e-01
9.791388377452767688e-01
9.840424488811673198e-01
9.887946487516554583e-01
9.928304093796798124e-01
9.959814864980049975e-01
9.980106422910884900e-01
9.985783028503201209e-01
9.971882625794353805e-01
9.931150930316797742e-01
9.853065742050379772e-01
9.412486987846854225e-01
8.425500432909955872e-01
5.885364777096842026e-01
