1.535635611250761645e+00
1.245202542561534731e+00
1.028789180959878591e+00
9.856454161708697592e-01
9.780641997083902028e-01
9.752202499740829644e-01
9.751887021507064102e-01
9.768383161658090730e-01
9.816437057502616081e-01
9.865028715918989777e-01
9.906749458703387745e-01
9.939930602326356723e-01
9.962295964923396641e-01
9.970581719403817100e-01
9.960000728363991307e-01
9.923467448797393953e-01
9.850477492948552793e-01
9.426729082794998993e-01
8.449800483384578564e-01
5.899964301157172297e-01
