1.552166269109968022e+00
1.289837896776958370e+00
1.055106844142486899e+00
9.840323535846617897e-01
9.750649278163069367e-01
9.712721702220327158e-01
9.706167367799732881e-01
9.718703409658826509e-01
9.764155406252691405e-01
9.814986058763728316e-01
9.859609511897683420e-01
9.896376279203220605e-01
9.923227658195382661e-01
9.937196717082209529e-01
9.933924531906889177e-01
9.906822487060591431e-01
9.845857751302662386e-01
9.449754130362651994e-01
8.535327173208204776e-01
6.032406484301116034e-01
