1.514068870256100707e+00
1.215192094286525748e+00
1.007887836044199625e+00
9.871901087563241806e-01
9.827902057377427836e-01
9.826735582400212277e-01
9.846918894664792310e-01
9.888496110371038927e-01
9.927039361166051235e-01
9.937534784634293183e-01
9.904272320012696973e-01
9.795363374342334062e-01
9.549115692602802019e-01
9.170849211978484572e-01
8.880971244001123477e-01
8.720916485235712390e-01
8.631227237006818820e-01
8.580591510513199127e-01
8.547404502546814831e-01
8.401792340698002182e-01
