1.525582230187289223e+00
1.243076204597246548e+00
1.022617330494835164e+00
9.865061101608156857e-01
9.808253203615144855e-01
9.802075351976238249e-01
9.819689940207220191e-01
9.860245458782045391e-01
9.902728662883303334e-01
9.919246388151032878e-01
9.895588062193313439e-01
9.803168752150727139e-01
9.581469165385618769e-01
9.199756264113719828e-01
8.878944199326807007e-01
8.703214459256083391e-01
8.606393432094566753e-01
8.551481331367072336e-01
8.515538354268430421e-01
8.406359677504263717e-01
