1.528028368482408528e+00
1.250656395111525487e+00
1.027458361067706161e+00
9.866398026892065909e-01
9.804137754023393159e-01
9.796481300752500898e-01
9.813282767539245333e-01
9.853343310080430184e-01
9.896730771291045725e-01
9.914673765501234026e-01
9.893320899686313119e-01
9.804936684697150850e-01
9.589900666363162518e-01
9.209161909523537748e-01
8.879531641663472863e-01
8.699070846665957202e-01
8.600111502005112207e-01
8.542852038801888037e-01
8.506955022850958281e-01
8.404039182324675172e-01
