1.426167828095320944e+00
1.110535324595759876e+00
9.976340348872521080e-01
9.919187733626799730e-01
9.919459078549675013e-01
9.941991151428518636e-01
9.967724925909542399e-01
9.961388477251152951e-01
9.851492252624212131e-01
9.502004587450877393e-01
8.944291235206390800e-01
8.648150841815832601e-01
8.508460069560827010e-01
8.435735614350523548e-01
8.398738553455665778e-01
8.383289045169863840e-01
8.381821063138160666e-01
8.389898846852832381e-01
8.404806335987091703e-01
8.424696355142364812e-01
