1.448310533717470650e+00
1.131158675457847984e+00
9.975958395364211695e-01
9.905662857487450568e-01
9.901198455068715987e-01
9.922036799915570082e-01
9.948497134334740588e-01
9.949279767394071383e-01
9.854732570524901147e-01
9.536691997766836293e-01
8.959431457339714910e-01
8.635139664335833576e-01
8.486345066253593306e-01
8.409609922291683137e-01
8.370572990385071188e-01
8.354074149779890934e-01
8.352148126906757675e-01
8.360156791433062118e-01
8.375283666813012617e-01
8.395652646425214582e-01
