1.465034293373115748e+00
1.150835909285939263e+00
9.994552740292453885e-01
9.896077117076313989e-01
9.887028538313260562e-01
9.905921125034702346e-01
9.932323327682437419e-01
9.938631892052092187e-01
9.855735230389044421e-01
9.563138190485599432e-01
8.976083855020723368e-01
8.628365349055426847e-01
8.471726660575921164e-01
8.391464015640042184e-01
8.350578021627890202e-01
8.333062888427146264e-01
8.330605944400810703e-01
8.338400361271318673e-01
8.353541517659431870e-01
8.374127844466399129e-01
