1.488885852818401023e+00
1.668252523692400402e+00
1.547697352708582441e+00
1.185481668519998255e+00
1.040759213057369514e+00
1.044016918502867597e+00
1.048956904232046572e+00
1.053601081317372845e+00
1.057885566214238793e+00
1.061711889213214910e+00
1.064962860387626442e+00
1.067497553299603830e+00
1.069127752877221837e+00
1.069593459886431841e+00
1.068658463434530637e+00
1.066487129747504703e+00
1.063523186791692332e+00
1.077128600707807582e+00
1.170081093371620362e+00
1.253293920789397387e+00
