1.637478418783183454e+00
1.501244528887998086e+00
1.235494769819814653e+00
1.023279125546572299e+00
8.891191787787184886e-01
8.643666126229077040e-01
8.449757405117187536e-01
8.305028552056217261e-01
8.208186929241315655e-01
8.152945676201364122e-01
8.178060214662078442e-01
8.252870579297290066e-01
8.329534150047763763e-01
8.386071147278183480e-01
8.182498335712248272e-01
7.463789474028922344e-01
5.929077052318725283e-01
5.852601600313976915e-01
5.755067781451368436e-01
5.484314083387304972e-01
