1.630298730689751174e+00
1.511738027557775643e+00
1.249459551945310221e+00
1.030558296729637169e+00
8.878781411236668086e-01
8.596793746685033044e-01
8.395590261039709290e-01
8.244799633903715508e-01
8.143563748656745815e-01
8.085496897944778327e-01
8.107705187376094136e-01
8.185051214767563588e-01
8.264399432655646915e-01
8.316087814391154298e-01
8.132550591930178818e-01
7.489587340296735007e-01
5.924910516315762266e-01
5.813683124285975445e-01
5.723525707136036811e-01
5.451402162098935023e-01
