1.624058234300302939e+00
1.520549861600632102e+00
1.263001954901778801e+00
1.038818198222170031e+00
8.893353233304609473e-01
8.563548585332635410e-01
8.356524392623659869e-01
8.200815435108876894e-01
8.095878692791711462e-01
8.035292458139207117e-01
8.052593779480257119e-01
8.131601491243779511e-01
8.212490179103651977e-01
8.260751190031078162e-01
8.093421423198873255e-01
7.513817213010424156e-01
5.929833456246205170e-01
5.785265021944291375e-01
5.705564334635105928e-01
5.433695910407028151e-01
