1.643729339042636406e+00
1.458463448256390960e+00
1.176172626440204594e+00
9.770821915768279631e-01
8.951431086981626040e-01
8.766396296856771020e-01
8.642827546829093821e-01
8.572997942359468215e-01
8.548691921031872365e-01
8.620246815669687646e-01
8.718113823817468244e-01
8.813569916187098396e-01
8.905894133450115158e-01
9.003917144867619182e-01
9.394590375473860222e-01
9.319681114406662692e-01
6.040499948969239030e-01
5.454163402631563295e-01
5.528402005198334024e-01
5.323876014518432731e-01
