1.635801595263406627e+00
1.483822653876604392e+00
1.202579275702240214e+00
9.902395467609914625e-01
8.906876566777803816e-01
8.713428158696792103e-01
8.582476379774659492e-01
8.506960707029389557e-01
8.479195176431987280e-01
8.546033015129648192e-01
8.649298947082725286e-01
8.749958762079986796e-01
8.847098039015829363e-01
8.954300502102945369e-01
9.318860890026277044e-01
9.272701978901914943e-01
6.033496857944860015e-01
5.386374789964207821e-01
5.469075246713326344e-01
5.271959127205995133e-01
