1.620111192531286548e+00
1.517003402667248757e+00
1.246307966057966787e+00
1.016252675014722051e+00
8.860868960521013360e-01
8.652677272748460213e-01
8.511244186978448312e-01
8.427000166280551596e-01
8.393258948984210210e-01
8.448167497485221666e-01
8.557791928536713222e-01
8.664757082044385328e-01
8.767801356149701464e-01
8.892038081860138554e-01
9.221118037194967476e-01
9.228093434500632686e-01
6.062928325587124689e-01
5.344242730912078798e-01
5.399805309834551093e-01
5.216028980038118767e-01
