1.613018942448282589e+00
1.526754441524672101e+00
1.262753051322571540e+00
1.027161972543411128e+00
8.845925775118613776e-01
8.627325412146539252e-01
8.481639971465074757e-01
8.393840632186893025e-01
8.357680079821094843e-01
8.408051271855095932e-01
8.520361741435157343e-01
8.630008760422568370e-01
8.735558703236482314e-01
8.866022330428763309e-01
9.179754141097145048e-01
9.219885086163499555e-01
6.097498763774715780e-01
5.328955923819662654e-01
5.371844973377505328e-01
5.195401863472527415e-01
