1.606808911801819839e+00
1.533228984750380830e+00
1.275390694607934972e+00
1.035590652714157400e+00
8.830253655931209478e-01
8.603553307924386440e-01
8.454180853484086766e-01
8.363336405849542965e-01
8.325150060199492108e-01
8.371847661720834832e-01
8.486674695114411193e-01
8.598844335493105451e-01
8.706758656768289750e-01
8.842529827893267358e-01
9.142126495700972910e-01
9.215361922150989704e-01
6.144259873919708514e-01
5.316592257624519480e-01
5.346895521669093876e-01
5.178475826822053207e-01
