1.606941501344113732e+00
1.532819469214648622e+00
1.259014178777561499e+00
1.015711848084407398e+00
8.922210788252946667e-01
8.751582640240090916e-01
8.670430615677801045e-01
8.650957295434869021e-01
8.698536205651787867e-01
8.838038552986693386e-01
8.973715875599251879e-01
9.103998723230767309e-01
9.229653090915090896e-01
9.350457954883292233e-01
9.467413521071349480e-01
9.703171159551264857e-01
1.022627291774791836e+00
7.650989215510208830e-01
5.428815369676516234e-01
5.524833219433864517e-01
