1.591834921379249090e+00
1.548480820686201520e+00
1.293293967038226633e+00
1.040437157124416423e+00
8.919260770645635050e-01
8.723854088926505934e-01
8.630489705742763196e-01
8.605929747723266576e-01
8.641272473194130388e-01
8.784910941541860252e-01
8.924409166238165270e-01
9.057820032207197780e-01
9.186089117699590689e-01
9.309210083761355614e-01
9.432335877785088529e-01
9.669430288672845597e-01
1.016253261870478486e+00
8.024269940614938701e-01
5.410479516986470561e-01
5.457830162747783209e-01
