1.613499886657671079e+00
1.500715331131631691e+00
1.199019577461680974e+00
9.676374939653485940e-01
8.979633021844772856e-01
8.886821217275906459e-01
8.877982286803853818e-01
8.927931101019556115e-01
9.086925893036555957e-01
9.250191937816693022e-01
9.405100191376755125e-01
9.550731532620578834e-01
9.684971315011760007e-01
9.804328806399355001e-01
9.903258948558493202e-01
9.972980796402637349e-01
1.001633705610403435e+00
9.700188970833756308e-01
8.549804538560349387e-01
6.033776555308605349e-01
