1.602618530380355066e+00
1.520892442582342685e+00
1.228656965899758813e+00
9.858189899826054203e-01
8.972487751954517643e-01
8.867391193237625924e-01
8.854053120633997853e-01
8.900855754586450841e-01
9.054180009412167163e-01
9.219533505706590804e-01
9.376326565139603275e-01
9.523597727318102724e-01
9.659421112211240557e-01
9.780471280379064991e-01
9.881387651219974977e-01
9.953816534924120329e-01
1.000466169549273365e+00
9.717453961394504347e-01
8.573503363493156781e-01
6.058791282353246377e-01
