1.592948257415902624e+00
1.533182964486978328e+00
1.250975992848402107e+00
1.000512658798728083e+00
8.974471866254807306e-01
8.853056647044424965e-01
8.830689030914545823e-01
8.875082201076626154e-01
9.024281348088468713e-01
9.191739630076702916e-01
9.350376805924256463e-01
9.499229035257871212e-01
9.636552980138519686e-01
9.759186125934355971e-01
9.861942841926173431e-01
9.936858920693878439e-01
9.994529902522296672e-01
9.735685029303695615e-01
8.597578503727970611e-01
6.095932882792072238e-01
