1.575406378265723717e+00
1.551073554214089212e+00
1.294792804427127297e+00
1.033241805627521659e+00
8.998986752871833694e-01
8.840548160629297936e-01
8.802960008570605011e-01
8.835924866509106135e-01
8.974434407796955115e-01
9.144724503553258721e-01
9.305977724687878316e-01
9.457127833851168841e-01
9.596723810269685018e-01
9.721847559218664836e-01
9.827697961201024013e-01
9.911764545127376147e-01
9.981809612761669559e-01
9.742584518843273589e-01
8.629113249573159283e-01
6.209187370478466139e-01
