1.769612217341420823e+00
1.603882466323248712e+00
1.351309024050750152e+00
1.144408163786896138e+00
9.689449353186526670e-01
8.845475810444717313e-01
8.644855259711827777e-01
8.518585066419598339e-01
8.328504207151871119e-01
8.144434991187902151e-01
7.972923405809112518e-01
7.920536441461725197e-01
7.953949750522729678e-01
7.867908508765610875e-01
7.809291238545704728e-01
7.830666615077748194e-01
7.832466332723042601e-01
7.798411705893102397e-01
7.627091063706619156e-01
7.331430469691406770e-01
