1.742090817878178433e+00
1.631756090058884556e+00
1.384000261182977809e+00
1.162192815436815518e+00
9.761191973907307196e-01
8.715033611436044936e-01
8.519200630413906739e-01
8.394773537053991097e-01
8.221620724433712502e-01
8.046095857193626966e-01
7.886229594061950898e-01
7.795096034720570000e-01
7.841742237106864577e-01
7.774640932936046633e-01
7.723964268918160903e-01
7.759372499623733432e-01
7.772689140498022509e-01
7.746607972376460260e-01
7.584038694260161195e-01
7.299573877673194433e-01
