1.587524129593686606e+00
1.626879043458167917e+00
1.461303915512448315e+00
1.204041261454348533e+00
9.759120271719262663e-01
8.246659883152215320e-01
7.944735367764614864e-01
7.775838066723054220e-01
7.655448620134081006e-01
7.552674688083890198e-01
7.453188342945449296e-01
7.410826366938368936e-01
7.398894057891129972e-01
7.407798995274270659e-01
7.569430475578392548e-01
7.540005180187782097e-01
7.543968144950676802e-01
7.559710618726241949e-01
7.552427539286055147e-01
7.477093172080006012e-01
