1.570820067258511754e+00
1.617387404882243640e+00
1.465861285920734502e+00
1.209534588028510882e+00
9.787460973546358023e-01
8.248149306481856735e-01
7.903957201460437565e-01
7.735624554545096343e-01
7.615267812406427694e-01
7.512843399781005127e-01
7.414761893788844871e-01
7.374199026619611130e-01
7.365262151536016155e-01
7.376820366689089692e-01
7.526461353874835947e-01
7.506183284905718622e-01
7.513516397129844648e-01
7.535023919764535227e-01
7.531782611228834412e-01
7.463209384689473147e-01
