1.711704427540395423e+00
1.625932483588614197e+00
1.354436883683799664e+00
1.105585860272986221e+00
9.035014136497335757e-01
8.397414821417737985e-01
8.100482212042350305e-01
7.896645021945249976e-01
7.759273039892911061e-01
7.752101174343395407e-01
7.697935437074244769e-01
7.638477028843516647e-01
7.669628454232017001e-01
7.775779978837414896e-01
8.000624356718905039e-01
7.930406365792034284e-01
7.511123910785760804e-01
7.288374045080072694e-01
7.092353354176645919e-01
6.740355427459363558e-01
