1.594058194857824295e+00
1.624393511839260507e+00
1.425488751459614623e+00
1.154456001415505639e+00
9.247720510366810309e-01
8.089867456124677503e-01
7.808851004458680078e-01
7.611775618668134014e-01
7.477037362508826002e-01
7.423945346087202912e-01
7.410415518218558262e-01
7.389503851699756876e-01
7.429369681307108619e-01
7.537758919929540280e-01
7.681842749651717206e-01
7.762122985460554458e-01
7.376549392963365204e-01
7.174826307362711653e-01
6.999185497598608974e-01
6.668459217143267725e-01
