1.524161975491440835e+00
1.587606781355731300e+00
1.451864299830430305e+00
1.186039137129171195e+00
9.448287264683828957e-01
7.932569200440661161e-01
7.673097790535864382e-01
7.480165999512357056e-01
7.345151682304285057e-01
7.267456162919122553e-01
7.263495631356789994e-01
7.259851807532522461e-01
7.304059167200123159e-01
7.417532847261355533e-01
7.541895696158196216e-01
7.662836059914883702e-01
7.310653049281150562e-01
7.114273696508321976e-01
6.952787335426970916e-01
6.643237467652649553e-01
