1.678749418675120619e+00
1.601231939146083860e+00
1.314607409063309085e+00
1.049332514086344315e+00
8.561816312464388679e-01
8.123963038366223133e-01
7.828797602359686136e-01
7.640076207813881748e-01
7.612053249095372953e-01
7.685518099763619659e-01
7.766230640631391902e-01
7.796933367027837347e-01
7.817065005218178930e-01
7.904680717558996150e-01
7.978875531767015694e-01
7.667899343298724135e-01
6.594712070320856157e-01
6.411869327589696521e-01
6.221218096124099262e-01
5.857008291192414839e-01
