1.512842683050894088e+00
1.578780159386619308e+00
1.421812545233039016e+00
1.142244981885869315e+00
8.995676019223725062e-01
7.832823514336341164e-01
7.565276509330287613e-01
7.376105008688980114e-01
7.256957631417149113e-01
7.307215883357116581e-01
7.381703431994078857e-01
7.453777638399082806e-01
7.522312118986339557e-01
7.643640262448692102e-01
7.775079715241114409e-01
7.588934879865500971e-01
6.482530237813475260e-01
6.243664516403399922e-01
6.091729670765438920e-01
5.741108723103425238e-01
