1.476050009781756822e+00
1.552419781519754904e+00
1.426884324919015068e+00
1.152347856254411829e+00
9.053125674112475485e-01
7.736309389509031798e-01
7.482214483209101985e-01
7.295924401683344662e-01
7.178323253021401396e-01
7.213276628154694503e-01
7.285297404621443595e-01
7.361565079241373377e-01
7.442668152167170037e-01
7.573577763995985590e-01
7.713659010480288236e-01
7.534808631181344474e-01
6.444518517183625006e-01
6.191005863612144555e-01
6.053547601398224787e-01
5.711109030054118962e-01
