1.631007490883507272e+00
1.593848122646606136e+00
1.308086168022357221e+00
1.026785416976857324e+00
8.394929516177245254e-01
7.983500676436678933e-01
7.705722512545621905e-01
7.555467182623252231e-01
7.681336780746582660e-01
7.856899780024233504e-01
8.058136836059553998e-01
8.259098209875430641e-01
8.463654193684075899e-01
8.711940519629817192e-01
8.863962648078174134e-01
8.093665577094060204e-01
6.052057373315445910e-01
5.854348514833226380e-01
5.921233581816927050e-01
5.754612524669340257e-01
