1.580847359878840841e+00
1.594655766034337896e+00
1.341004433819587227e+00
1.049668023570544229e+00
8.284940002782700263e-01
7.879495137661076676e-01
7.610189422757901445e-01
7.455952088079255136e-01
7.550185293061315583e-01
7.721928017911646736e-01
7.929140996372960881e-01
8.146628568145926064e-01
8.364884962523075895e-01
8.611983039582691291e-01
8.776361778941916825e-01
8.111999584574192124e-01
5.993712781675946122e-01
5.783052325412083583e-01
5.854331503292165007e-01
5.692994080857844974e-01
