1.456516319106069934e+00
1.542720448708521319e+00
1.408566254446050880e+00
1.122310028055525599e+00
8.722949292481938510e-01
7.700688346136846940e-01
7.456717665488532543e-01
7.298132094351049703e-01
7.304574750156070939e-01
7.463387611383959230e-01
7.674204489842447741e-01
7.914205875659136025e-01
8.160452582295235624e-01
8.409940854142463618e-01
8.605189816975568062e-01
8.176162703928187003e-01
6.040846887780343399e-01
5.633501844177342122e-01
5.719930664629649941e-01
5.575982930057684639e-01
