1.428859122765146372e+00
1.521754826397157645e+00
1.412903209701874108e+00
1.132116817719771573e+00
8.785441348958343832e-01
7.645527430017549086e-01
7.408875993423347239e-01
7.250868725142002313e-01
7.243113286902377324e-01
7.397379142275068986e-01
7.606380440088542638e-01
7.849870749090203104e-01
8.103425205064410664e-01
8.356860642766357206e-01
8.562321584207357450e-01
8.199238344856362160e-01
6.079036108871296307e-01
5.591972043378556911e-01
5.685491895215141200e-01
5.548663395191835157e-01
