9.077799393017065288e-01
8.909498768257189116e-01
8.901112258513789177e-01
8.911168115754282137e-01
8.865704764848327812e-01
8.808203563383818491e-01
8.733415835462989829e-01
8.640380532025568883e-01
8.527393712623634325e-01
8.390890202839050849e-01
8.226072042398961948e-01
8.028342026683719101e-01
7.795077677734132404e-01
7.526664532361012627e-01
7.226639024273634471e-01
6.901907700618814534e-01
6.563773295273922503e-01
6.230338204681196146e-01
5.929302069960014077e-01
5.699878701491769561e-01
