9.100199156388223409e-01
8.847461278167214616e-01
8.654029637952671550e-01
8.662485311660373943e-01
8.644432297543759303e-01
8.611415089943632584e-01
8.562622317788443072e-01
8.493693044156669369e-01
8.403547559013554435e-01
8.290056916204302517e-01
8.149035796056296466e-01
7.975000903777132999e-01
7.763145615469019267e-01
7.511690154470020975e-01
7.223035499318805064e-01
6.903654758717189255e-01
6.564236982619346961e-01
6.221241053679034128e-01
5.900259118521919977e-01
5.640481766346006065e-01
