8.659747962917048181e-01
8.742415252088322486e-01
8.570486135817392270e-01
8.372016983720959038e-01
8.392007440053845801e-01
8.380640779922545747e-01
8.369219730911284794e-01
8.338919103354522910e-01
8.283818748162451451e-01
8.202586471481311259e-01
8.092711924333785278e-01
7.948576160212446062e-01
7.762663624981633870e-01
7.529388966965964158e-01
7.249123331228816136e-01
6.928683168312272933e-01
6.579208262286317943e-01
6.216434156178753945e-01
5.863545774578422520e-01
5.559297936384322014e-01
