1.026585471865534505e+00
1.019151032790238443e+00
1.036222057368031191e+00
1.042999744817219909e+00
1.052495019743093119e+00
1.070089218904084927e+00
1.087522968378747290e+00
1.067502446985494569e+00
1.023211687090530342e+00
9.703323614571194300e-01
9.189476609743181257e-01
8.798539824280789956e-01
8.529434306335449412e-01
8.290399586947331256e-01
8.031017506052892108e-01
7.711532816370610943e-01
7.337747990387110120e-01
6.930117953749974635e-01
6.489297931645461315e-01
6.067114378914847395e-01
