9.917476629589181414e-01
9.800323890966579077e-01
9.891871982653021034e-01
1.007427012452860815e+00
1.021478185336231359e+00
1.039110114976769195e+00
1.059295073323717862e+00
1.051332904373974308e+00
1.013833052637775900e+00
9.645137930530772730e-01
9.144188700262880776e-01
8.745150558131383756e-01
8.475279688573014170e-01
8.237481846317241674e-01
7.975364611735040743e-01
7.659576547901805199e-01
7.290138259116378805e-01
6.889840535251149367e-01
6.455900945777210964e-01
6.037275386993348203e-01
