9.664391525690795293e-01
9.569403540444044731e-01
9.623277369221459043e-01
9.814232881079135717e-01
9.998983779397220273e-01
1.018589373269539688e+00
1.039997664362139362e+00
1.040242508820451217e+00
1.007537802237125746e+00
9.605325042268523239e-01
9.108405701693599310e-01
8.696838894423343236e-01
8.423073736869212125e-01
8.187265205105832555e-01
7.926634673628893957e-01
7.616884395852450140e-01
7.252343069342398474e-01
6.858604935780250322e-01
6.433987488592305404e-01
6.016758080933752861e-01
