1.546119470932137308e+00
1.602685002396051717e+00
1.611603144397171228e+00
1.484809621800119217e+00
1.320735541648492939e+00
1.181127811991160126e+00
1.073276488091002623e+00
1.000808564135735601e+00
9.464997969409506551e-01
9.045609640795471140e-01
8.683402806408605512e-01
8.328348572793532467e-01
7.969328956104611006e-01
7.669817863205523611e-01
7.527951195540112383e-01
7.469858196799261663e-01
7.390661282629851225e-01
7.286432065846996098e-01
7.101720913989775230e-01
6.822324627179683354e-01
