1.003418155796514499e+00
1.030325351767121589e+00
1.137526381376777085e+00
1.194419969988687935e+00
1.261158930604767692e+00
1.261775763101367520e+00
1.170818582954953113e+00
1.059892055049423965e+00
9.757166990975175702e-01
9.099409001400151631e-01
8.592299622811556681e-01
8.165184181258111629e-01
7.781805344497101373e-01
7.414928412365119348e-01
7.165906260055109334e-01
7.095681415898914546e-01
7.073640291482545805e-01
7.018175518411320368e-01
6.876860930521414561e-01
6.637172563117037516e-01
