1.638425228939948575e+00
1.729869355138973441e+00
1.689911630884879612e+00
1.464109140656905783e+00
1.236613753144470307e+00
1.071471673197541330e+00
9.612769885028947803e-01
9.031968839211834688e-01
8.702096013739162306e-01
8.394427883245111355e-01
8.131140999463623009e-01
7.892812046633593814e-01
7.862301431564661103e-01
7.833137126623243018e-01
7.762194302308629279e-01
7.712165370752620541e-01
7.710438617608926792e-01
7.658668357248923364e-01
7.564234012917233629e-01
7.367544014847755562e-01
