1.454017057853271844e+00
1.550111240820218450e+00
1.612560146843621478e+00
1.483658365313802019e+00
1.277074677810178693e+00
1.102983723488669909e+00
9.749547608923893049e-01
8.935388487471982444e-01
8.608181192335124798e-01
8.306932150401377113e-01
8.029125872542582920e-01
7.802378287591517081e-01
7.698191222400926348e-01
7.695888928184139166e-01
7.643545029950838954e-01
7.611158359695094910e-01
7.628187567010846770e-01
7.592325161122843724e-01
7.509545720915876688e-01
7.324309068973774428e-01
