1.282905624671321299e+00
1.370138435323263515e+00
1.472954493120756991e+00
1.473429493784848443e+00
1.319277434887319522e+00
1.144394419884616765e+00
9.991564823708150023e-01
9.017625331418008816e-01
8.541098073907025245e-01
8.237145864506442150e-01
7.949104602924174090e-01
7.721733531307648501e-01
7.544705562977119806e-01
7.564304407529157670e-01
7.530566781330124693e-01
7.510836044595177174e-01
7.543759911153303799e-01
7.521754277080838769e-01
7.449420241750160931e-01
7.275877419103935484e-01
