1.484992275561538788e+00
1.604756839677821345e+00
1.645152497515107948e+00
1.455911563095620531e+00
1.214931373646202406e+00
1.027157376845977632e+00
9.016272165080937429e-01
8.618541279403804101e-01
8.289458570998613496e-01
8.033842121040778439e-01
7.862869331184048072e-01
7.719011756864163631e-01
7.637943364051063000e-01
7.710447029933129581e-01
7.906979250956518435e-01
7.896113409744052181e-01
7.707938183524323250e-01
7.523223039473398988e-01
7.268491035969795178e-01
6.788078802588963789e-01
