1.023746323428606608e+00
1.137485030872364966e+00
1.264844132289936418e+00
1.384562114930312671e+00
1.327853867153129030e+00
1.142368097300154428e+00
9.651770743276406606e-01
8.411078436986538787e-01
8.062842759678863214e-01
7.776318599461602421e-01
7.554511745088430263e-01
7.436794594012736681e-01
7.362797574371625631e-01
7.358603047977526623e-01
7.472889568857691289e-01
7.581412637992974712e-01
7.429091005254396807e-01
7.284622934873629108e-01
7.066984953203812037e-01
6.625905709231747487e-01
