9.978223539481052562e-01
1.030329697498878261e+00
1.197958501688091371e+00
1.322276933049704839e+00
1.322873931054346697e+00
1.154661089383177242e+00
9.732461422329343748e-01
8.408042641576558562e-01
7.986515883229234891e-01
7.704024116497997232e-01
7.472185811367486608e-01
7.356769875262209046e-01
7.289140144348669192e-01
7.284126728275416296e-01
7.341010641766505529e-01
7.487936316132151049e-01
7.347242224873957728e-01
7.214489068498062263e-01
7.009608405436089651e-01
6.584399563208367390e-01
