8.857911422728217410e-01
8.714135800580158353e-01
8.661535382044708298e-01
8.725145656618342738e-01
9.021022438923780307e-01
9.488638787398797625e-01
9.720127404278446903e-01
9.821323166684650108e-01
9.872627712369742570e-01
9.900866866065572980e-01
9.908773124400128696e-01
9.890264487277143912e-01
9.866174896466971544e-01
9.836463738216001396e-01
9.800065661378696280e-01
9.759036586357846543e-01
9.696756263421716371e-01
8.231167990552609171e-01
5.769951838574229885e-01
4.913776243697350332e-01
