8.863341058609854883e-01
8.714287051862416034e-01
8.660991068503002266e-01
8.735415160839931081e-01
9.081677844523131649e-01
9.548834114611677304e-01
9.756324271381351387e-01
9.847572743857656574e-01
9.893596670866727782e-01
9.918844269142306214e-01
9.926339680488712736e-01
9.911429700588898495e-01
9.891777133689717560e-01
9.867307206781839035e-01
9.837055606327065327e-01
9.802277085362587350e-01
9.750326779149497414e-01
8.275098266444697037e-01
5.824592448903387343e-01
4.893415849535441287e-01
