8.744103626815076247e-01
8.554070994835271113e-01
8.442408131544051342e-01
8.408593838059993386e-01
8.464711146013559340e-01
8.774709538911894535e-01
9.516949598755793938e-01
9.665380519120904124e-01
9.720243158842682973e-01
9.608706286934035612e-01
8.544758116990294194e-01
8.090563983714563756e-01
7.985259169756429021e-01
7.922174723086928827e-01
7.882749196677875103e-01
7.859333525083512795e-01
7.848263780743073292e-01
7.846005752549016776e-01
7.799996089095334595e-01
7.565937489001214322e-01
