8.747597504491682052e-01
8.556355065286105344e-01
8.444691110146298474e-01
8.413223578400839120e-01
8.477803395486410709e-01
8.887234069033129735e-01
9.554489253943270199e-01
9.690710488829507030e-01
9.743580644260516621e-01
9.650806129730084004e-01
9.117867353887572079e-01
8.114500253526888418e-01
7.997660835359519105e-01
7.929423342719175150e-01
7.886935446999933097e-01
7.861454298978675093e-01
7.848905154179172117e-01
7.845422850314784924e-01
7.796203373167864825e-01
7.586594313389268818e-01
