8.588894899070385058e-01
8.375712032361393167e-01
8.216583318549649517e-01
8.096928437583933436e-01
7.996351992307263457e-01
7.899851019819897902e-01
7.800181203087254156e-01
7.695391226202313861e-01
7.594402021686709192e-01
7.530860055568959766e-01
7.490313349018561384e-01
7.465167962410371727e-01
7.451565510528408431e-01
7.447117359239866508e-01
7.450244341821630201e-01
7.459846356135202416e-01
7.475148925551955426e-01
7.495593567620730813e-01
7.520780280314089961e-01
7.550945196531355652e-01
