8.470876576484603904e-01
8.226032561071615623e-01
8.025740494323951868e-01
7.854841603064732780e-01
7.698864767925631680e-01
7.552995268323606792e-01
7.418108626583388432e-01
7.309806949314441304e-01
7.249312577096972410e-01
7.210728560317382074e-01
7.186260743314358823e-01
7.172558110592500702e-01
7.167470018313263358e-01
7.169563969187262575e-01
7.177844340485840524e-01
7.191594658334972134e-01
7.210276983908318060e-01
7.233501852656536446e-01
7.260865850857269876e-01
7.293202522397737031e-01
