8.472541412861892551e-01
8.228940382090684791e-01
8.031501503741720338e-01
7.865020060640106614e-01
7.713878362038224523e-01
7.572341268331608255e-01
7.439875328003103805e-01
7.327546173728586298e-01
7.262005287611141835e-01
7.220276522418925813e-01
7.193677884962464963e-01
7.178468730281977184e-01
7.172288499123093963e-01
7.173580487764055214e-01
7.181267424552364442e-01
7.194575822491869888e-01
7.212933639164761379e-01
7.235923250202027646e-01
7.263148398584722276e-01
7.295346862315003067e-01
