8.336999253271023536e-01
8.051434585796435339e-01
7.791907048349727694e-01
7.550670226439053501e-01
7.328312031486958755e-01
7.130036982183824978e-01
6.958304245695605683e-01
6.908499279134945326e-01
6.873506036785322904e-01
6.846139590063775593e-01
6.825496672619324467e-01
6.810772603237633671e-01
6.801487392111571495e-01
6.797370707556216196e-01
6.798249247216128222e-01
6.803994066011244124e-01
6.814493807142794068e-01
6.829615721154091990e-01
6.848414661681261340e-01
6.874791040757424199e-01
