8.351256568208186293e-01
8.069433010398243677e-01
7.819589351637024066e-01
7.591325700505764384e-01
7.380658435968459052e-01
7.191293542667025473e-01
7.025325962334281193e-01
6.963705954114260965e-01
6.921721701328412690e-01
6.890546020351453471e-01
6.868147864283713488e-01
6.853116306686215520e-01
6.844597493275961231e-01
6.842061545484370289e-01
6.845156406128554138e-01
6.853622260672633804e-01
6.867246666033373081e-01
6.885834160101100831e-01
6.908632140285764223e-01
6.938554042319345916e-01
