8.358216761800502104e-01
8.080947169302233890e-01
7.839122687084614238e-01
7.621957429044335930e-01
7.422063390442633635e-01
7.241272992498521965e-01
7.081784469627925294e-01
7.009486228910726258e-01
6.962016283497032276e-01
6.928027057785164367e-01
6.904439303127295480e-01
6.889320582269784499e-01
6.881482927924048587e-01
6.880173471768187277e-01
6.884878477437721411e-01
6.895218271761087703e-01
6.910891284195672668e-01
6.931641252205489323e-01
6.956843363140027270e-01
6.988669728635277245e-01
