8.357584117682681502e-01
8.086496216121447089e-01
7.848512012783929181e-01
7.636511600747580841e-01
7.441972365092256458e-01
7.265769109883940535e-01
7.109653523626834337e-01
7.031867966307625561e-01
6.981918354912697300e-01
6.946665697473715095e-01
6.922518877038377205e-01
6.907293908358671519e-01
6.899649647627328353e-01
6.898726862485269340e-01
6.903935914072671931e-01
6.914839873216037658e-01
6.931100307420132722e-01
6.952433839382849978e-01
6.978265789084749926e-01
7.010478104097672691e-01
