1.021223976518909948e+00
9.603700821237541874e-01
9.463018406702878860e-01
9.355430929080863489e-01
9.268153478801576250e-01
9.191919500017597944e-01
9.124427626672999558e-01
9.066043196191788667e-01
9.018251598564460680e-01
8.982121020932830602e-01
8.957904172745044802e-01
8.947170789035661098e-01
8.973935040931974028e-01
9.101284125856541340e-01
7.163431902307579868e-01
4.931251474344658381e-01
4.698671022631809580e-01
4.634486814344114802e-01
4.459408267838609330e-01
4.309582059708090274e-01
