1.046299817462407855e+00
9.579993925887279049e-01
9.425523791348703329e-01
9.308563502730424766e-01
9.212444883907262572e-01
9.128712334089559288e-01
9.054712646605681536e-01
8.990321352567779423e-01
8.937080316388908985e-01
8.896233132615294359e-01
8.868231921519494909e-01
8.854771132296087588e-01
8.882796934864733984e-01
8.993701120065655807e-01
8.069194161081262306e-01
4.944723808629598039e-01
4.659283126646425743e-01
4.604537041029323485e-01
4.441407043455086190e-01
4.288278361552615991e-01
