1.049906130369476998e+00
9.576324780238220091e-01
9.419116076342688437e-01
9.300494590972067099e-01
9.202747546990064365e-01
9.117539505677491052e-01
9.042202351175627761e-01
8.976565679830541544e-01
8.922212506240074781e-01
8.880434540804922339e-01
8.851730002934008468e-01
8.837841123807955723e-01
8.866321564549551892e-01
8.975752096449707285e-01
8.079311810732241472e-01
4.937964166801905863e-01
4.651012360248209521e-01
4.598230089991808822e-01
4.438154433683301758e-01
4.284844948398190967e-01
