1.008377883429670829e+00
9.677504345272409658e-01
9.582369108650643508e-01
9.523695699253487135e-01
9.487649896504704028e-01
9.465804326432035731e-01
9.453938813760319748e-01
9.451482309072692933e-01
9.458117708215149078e-01
9.473153943368690655e-01
9.512582595346337211e-01
9.559842871155860289e-01
9.604625976472845883e-01
9.645252234685716131e-01
9.689952404307443645e-01
9.978830238140160569e-01
5.913831294293210306e-01
4.877697728270558586e-01
4.763118756389065900e-01
4.651500913060976905e-01
