1.423956150289400480e+00
1.643313505885754200e+00
1.531692917146304733e+00
1.168849939413044492e+00
1.062435730922069776e+00
1.068032845543298581e+00
1.070399776960148319e+00
1.067852109232408697e+00
1.058832685221994474e+00
1.043817176351522935e+00
1.027272007415373167e+00
1.013619817863520955e+00
1.003803881445875845e+00
9.970597151299142036e-01
9.924833989161924164e-01
9.893936935691376444e-01
9.873374611789986766e-01
9.861021150280222525e-01
9.855340679414803517e-01
9.842472727016798872e-01
