1.037492727146910987e+00
9.651008598971320129e-01
9.544195503746730758e-01
9.476380932270335178e-01
9.433416156240425066e-01
9.405847597120494674e-01
9.389440438385920906e-01
9.383306345414049732e-01
9.387181240384361303e-01
9.400444296493237761e-01
9.440473202930389496e-01
9.490380816628699590e-01
9.537927121877597392e-01
9.582122411833401410e-01
9.651583316540904844e-01
9.921949469215296524e-01
5.962089262668115452e-01
4.825251979974343741e-01
4.714952825613138998e-01
4.610999275361127303e-01
