1.055180075010243135e+00
9.633683015931121529e-01
9.518538603721057312e-01
9.444024830883477328e-01
9.396031420461987693e-01
9.364153962796663011e-01
9.344540754627487233e-01
9.335860043279344822e-01
9.337793200241225611e-01
9.349714162940259143e-01
9.389742722861726953e-01
9.441084486915435336e-01
9.490224921178410655e-01
9.536620876957860871e-01
9.621007933967005155e-01
9.873656001115305170e-01
6.164175418729362921e-01
4.804071087614168456e-01
4.687837543804139750e-01
4.595707014327729545e-01
