1.044694747496890841e+00
9.684586974555043914e-01
9.611764107528691925e-01
9.580889390789023574e-01
9.575897861330384675e-01
9.586529659111933110e-01
9.607083276456783727e-01
9.635623129136806631e-01
9.670600074895827625e-01
9.728349297832132869e-01
9.787835729644953631e-01
9.839356685886728737e-01
9.881919527261110447e-01
9.914170683512287807e-01
9.933653136022423391e-01
9.937287008877889738e-01
9.892867927645661030e-01
8.288874828104421111e-01
5.883188074895421282e-01
5.019177615406629211e-01
