1.080948203119487250e+00
9.698065052133120201e-01
9.578244635643416993e-01
9.536891179247600769e-01
9.524507880088538547e-01
9.529742396695564111e-01
9.546816843571124256e-01
9.573099597408640804e-01
9.606833972121912035e-01
9.664227624890324719e-01
9.726917320540245937e-01
9.782602381080991449e-01
9.830222945797313372e-01
9.868687289211679481e-01
9.895916634515810051e-01
9.910035730986742619e-01
9.899216688119469865e-01
8.533329300104154358e-01
6.260044678283120945e-01
5.010381352225374840e-01
