1.016007816102998840e+00
9.698919915400927572e-01
9.670243792159539664e-01
9.679227590075363263e-01
9.708504110201398030e-01
9.747212776606037909e-01
9.790460641577062306e-01
9.836873192613821981e-01
9.894305796823354981e-01
9.944192549942691972e-01
9.969351197671803000e-01
9.959599829761408563e-01
9.891458942818501798e-01
9.690186664623268165e-01
9.011921522652557304e-01
8.433455893539030246e-01
8.240723559847028534e-01
8.143484771997528959e-01
8.035182529697506570e-01
7.535347180765057384e-01
