1.031024199816889197e+00
9.695070085846548835e-01
9.655800898684374634e-01
9.661031580823359333e-01
9.687999561992807207e-01
9.725601943726066567e-01
9.768477515592790539e-01
9.814830109466708974e-01
9.873646702214013970e-01
9.926843620743084351e-01
9.956861134045820183e-01
9.954757518684033135e-01
9.900693540374403412e-01
9.735544476693377414e-01
9.167994562343075859e-01
8.456230616981216253e-01
8.237614319599885215e-01
8.131960538214701995e-01
8.017261001088138439e-01
7.599642946850342362e-01
