1.055686837169184544e+00
9.703408011408030109e-01
9.633833093431667383e-01
9.632842341952426723e-01
9.655807537602585366e-01
9.691370881707027651e-01
9.733418169923100383e-01
9.779333570214840954e-01
9.839963893608721923e-01
9.897987264309910937e-01
9.935090227987373179e-01
9.943973815576824249e-01
9.909368167272356587e-01
9.789877672763256378e-01
9.399745847984225522e-01
8.525333731704760609e-01
8.240679490013735897e-01
8.106511712145011428e-01
7.992472341687905102e-01
7.700595601604008911e-01
