1.069974007368845292e+00
9.726663996666358170e-01
9.631946772441886129e-01
9.620743217253793222e-01
9.641476381407654284e-01
9.675791355022631546e-01
9.717168141916867619e-01
9.762722228424600690e-01
9.823801185834658556e-01
9.884017866029138899e-01
9.924382914057228167e-01
9.938295990695901194e-01
9.912379753128057747e-01
9.811867150770399171e-01
9.491451615900565741e-01
8.573932663286100153e-01
8.244398456749564286e-01
8.088921024957830275e-01
7.977057414811261626e-01
7.729611709876721415e-01
