9.766747576449182899e-01
9.699121331911765287e-01
9.717113084782784682e-01
9.762132909948327830e-01
9.815320302918856266e-01
9.867817366383782041e-01
9.917804833043054602e-01
9.965495417291577729e-01
9.992471569907088735e-01
9.951624784573260829e-01
9.750925115204264193e-01
8.591984019052126831e-01
8.115026464582542065e-01
7.958536438544595581e-01
7.880772162840169459e-01
7.840527207169417645e-01
7.822032617192841153e-01
7.817542099137072542e-01
7.822694665263936198e-01
7.835186333108536960e-01
