1.022847936503170629e+00
9.688481709289055166e-01
9.663230297064913099e-01
9.695872122972947205e-01
9.743882309148739207e-01
9.796126071460743434e-01
9.848493393878641200e-01
9.904541728131328604e-01
9.954138189178346474e-01
9.957250589651482908e-01
9.876338174886398757e-01
9.505863230081234017e-01
8.185516641662394788e-01
7.939153157735459043e-01
7.836323585751064913e-01
7.784482095033461446e-01
7.760020727016355702e-01
7.752553776191444257e-01
7.756610618085347797e-01
7.769291424603522733e-01
