1.171445780317300178e+00
9.833135226546432239e-01
8.496018643906234624e-01
8.068992308245785949e-01
7.764960848069749622e-01
7.508526642414725671e-01
7.308803923214794995e-01
7.162896424495120984e-01
7.059294610812232307e-01
6.987784344627905320e-01
6.935710045211969099e-01
6.925702306601136948e-01
7.013130508998459689e-01
7.009669486200791333e-01
6.505012581763796042e-01
5.900000097129494137e-01
5.652578505870994308e-01
5.501514237956421915e-01
5.330755782491761741e-01
5.109586050845358329e-01
