1.187240696736582057e+00
9.921650080769001123e-01
8.513560941821783912e-01
8.023888694617667960e-01
7.714884295334705211e-01
7.456678542054112624e-01
7.256924709982235377e-01
7.111771399602461186e-01
7.008955002189758421e-01
6.937940212663453732e-01
6.886642779473823861e-01
6.882004651192550337e-01
6.969144923482488707e-01
6.985786126180103528e-01
6.525872049595803359e-01
5.903132730587163923e-01
5.649918394777350139e-01
5.497759611821644299e-01
5.329622959148851979e-01
5.110547804024236918e-01
