1.205736940457637685e+00
1.000451947439991551e+00
8.496609037360893790e-01
7.923272007603407996e-01
7.604001105695857854e-01
7.343214226423593338e-01
7.145484336407409431e-01
7.003719074425063251e-01
6.904056501653919042e-01
6.835495986274170432e-01
6.788345962658836052e-01
6.792070890500795377e-01
6.881700187700376947e-01
6.931206972870305183e-01
6.561063972876171047e-01
5.910081875153819775e-01
5.640353491996553670e-01
5.485203798869081604e-01
5.323839359443275354e-01
5.109687348065179435e-01
