1.208899893792168445e+00
1.001697370379623919e+00
8.487337669948485930e-01
7.898788696345823146e-01
7.577002244804150743e-01
7.315698335197403646e-01
7.118560326820859707e-01
6.977659874624084768e-01
6.878779781320581987e-01
6.810809907020174414e-01
6.764657961481574944e-01
6.773720282209287902e-01
6.864861071740988585e-01
6.913435301336664507e-01
6.548172292158450647e-01
5.902085893941920736e-01
5.633194703337451870e-01
5.479291712813759707e-01
5.320166349389001681e-01
5.108396273938091703e-01
