1.173095772683382165e+00
9.623910732942714263e-01
8.227714820610380064e-01
7.913033636240746072e-01
7.641636675200168538e-01
7.424616696520414116e-01
7.265494886929275697e-01
7.156769105412715826e-01
7.088208841830658802e-01
7.051824920991286438e-01
7.040993980211383008e-01
7.061916141668970193e-01
7.082661276964402619e-01
6.905497798447579605e-01
5.783388688126993582e-01
5.167644280596823680e-01
5.004088953533338824e-01
4.852761643019767868e-01
4.623073974930062002e-01
4.443505448659560431e-01
