1.184638258286560886e+00
9.690442431671640877e-01
8.203275757546463209e-01
7.885269759564682568e-01
7.611757711208619881e-01
7.393810351128311531e-01
7.234384391239269130e-01
7.125553255148735499e-01
7.056822662319404138e-01
7.020041703600361505e-01
7.007314521258212192e-01
7.029142066664715305e-01
7.057225765879928669e-01
6.912491145476664656e-01
5.843340149690601226e-01
5.168200384724422891e-01
5.000390757786323803e-01
4.852573720728528550e-01
4.623239085128943437e-01
4.443284398373976152e-01
