1.406722362073891563e+00
1.618093756805597971e+00
1.545049389100861870e+00
1.189357830634481861e+00
1.057440639425878626e+00
1.063289666916689802e+00
1.065878306474132398e+00
1.063459698083818239e+00
1.054386867158175978e+00
1.039063491557734142e+00
1.022155003232536830e+00
1.008324864200728754e+00
9.985100576271958017e-01
9.918707048065407150e-01
9.874500097213358973e-01
9.845457872337932681e-01
9.826893763655590863e-01
9.816424840459543333e-01
9.812068368869619750e-01
9.801859038575755356e-01
