1.162395730173572783e+00
9.441819162895480622e-01
8.259217829700369329e-01
7.997557810399784639e-01
7.785363573660046832e-01
7.626669705896821361e-01
7.523454850170843144e-01
7.470199865586949484e-01
7.460483249584402010e-01
7.489355298602131672e-01
7.655873532321951780e-01
7.843595331461155062e-01
7.973793723267109668e-01
7.568866227437012206e-01
5.686035711407241289e-01
4.873158110549645761e-01
4.731130818120243275e-01
4.637108296975532284e-01
4.436846869679929584e-01
4.280291229935890840e-01
