1.192234729852256869e+00
9.624383229971891218e-01
8.215476193714823516e-01
7.944147319417319553e-01
7.726601061156419537e-01
7.563956287403078571e-01
7.457698895642786985e-01
7.401912099424532432e-01
7.389801056773596111e-01
7.416316703614659334e-01
7.575688917859263460e-01
7.758982579921043232e-01
7.899978865322785371e-01
7.586848664161306433e-01
5.803987159163278564e-01
4.865340680223059766e-01
4.710705778932880450e-01
4.624477102981212617e-01
4.428565181265822770e-01
4.270016569884060864e-01
