1.146326004807659782e+00
9.382559800437124675e-01
8.486070686532569685e-01
8.301646315553128375e-01
8.176356810171998557e-01
8.106527358312282106e-01
8.090451058388471450e-01
8.123425409082856152e-01
8.199726348111356922e-01
8.395635610318481490e-01
8.610454084272229913e-01
8.806703750862940883e-01
8.983146057371921289e-01
9.144771584565671851e-01
9.493598025512107741e-01
9.033290918119954993e-01
5.281765968419614987e-01
4.864056305419792170e-01
4.788754024392452013e-01
4.699259529767625398e-01
