1.199947098778059829e+00
9.668448546127668131e-01
8.417482535082164707e-01
8.213452664876205178e-01
8.076248377051100658e-01
7.995764857371588930e-01
7.971117654927244445e-01
7.997936782674063272e-01
8.070808147542934963e-01
8.266975240882101783e-01
8.495625482926285610e-01
8.705589377870629475e-01
8.894417055572735320e-01
9.082995436928089639e-01
9.405967700848317792e-01
9.188806904486662708e-01
5.243621187120179883e-01
4.807735480384570659e-01
4.739320138591218146e-01
4.655571035631347332e-01
