1.397498013729168154e+00
1.600247601214109139e+00
1.578561290022973740e+00
1.231105702807132829e+00
1.059222063213744125e+00
1.063750298650537385e+00
1.066307748587652870e+00
1.063852839515879278e+00
1.054743809288275047e+00
1.039392641619659052e+00
1.022456872505564718e+00
1.008588615676562217e+00
9.987273571052985854e-01
9.920398476535003951e-01
9.875722146973198168e-01
9.846161021235237953e-01
9.827147485811139616e-01
9.816929429174792165e-01
9.811776377917241776e-01
9.800458526187703079e-01
