1.221199227450800784e+00
9.809028431209959598e-01
8.400088727402252875e-01
8.183907743653746625e-01
8.041085827755350968e-01
7.957063519404042884e-01
7.929491554603825820e-01
7.954118959893499152e-01
8.025613213339372054e-01
8.220177919071118833e-01
8.453268286744161086e-01
8.667823039852605715e-01
8.860945244390022735e-01
9.062754175459358796e-01
9.374491997105176555e-01
9.266929932065107733e-01
5.253416679154220281e-01
4.790840709391535612e-01
4.723419704299663402e-01
4.643618693409322096e-01
