1.239369116617189404e+00
9.880610103464921856e-01
8.513110610890166630e-01
8.343719794958388558e-01
8.269780826869126411e-01
8.266816552946455454e-01
8.322833707149119853e-01
8.429092923510143054e-01
8.611677414358466232e-01
8.863687948041641951e-01
9.087120689311187771e-01
9.282379251922966423e-01
9.452739273869168457e-01
9.599872028432697713e-01
9.723519541698320001e-01
9.842445686250597126e-01
9.975899008935728007e-01
8.359373907419772598e-01
5.899324584344548539e-01
5.102226501652402657e-01
