1.262432982268526516e+00
1.005063713806819692e+00
8.509205445803270651e-01
8.326484673567697836e-01
8.246967349584490847e-01
8.238007940314460154e-01
8.291765316719066359e-01
8.396622159684100639e-01
8.575862055795488992e-01
8.831568100071716110e-01
9.058338337605958968e-01
9.256331800539600030e-01
9.429003195609896304e-01
9.578226767504850470e-01
9.704288326129262288e-01
9.834771766113056257e-01
9.968048978371341073e-01
8.457444696111150462e-01
5.994298046587218654e-01
5.095753419111087590e-01
